Datum/tijd (MET);Astronomisch;Gemeten waterstand;Verwachte opzet;Verwachting RWS
2018-01-11 00:00;68;89;22;90
2018-01-11 00:10;63;85;23;86
2018-01-11 00:20;58;81;24;82
2018-01-11 00:30;52;75;25;77
2018-01-11 00:40;46;69;26;72
2018-01-11 00:50;39;63;26;65
2018-01-11 01:00;33;56;26;59
2018-01-11 01:10;26;48;26;52
2018-01-11 01:20;19;42;26;45
2018-01-11 01:30;11;35;27;38
2018-01-11 01:40;5;29;26;31
2018-01-11 01:50;-2;23;26;24
2018-01-11 02:00;-8;18;26;18
2018-01-11 02:10;-14;12;26;12
2018-01-11 02:20;-19;7;26;7
2018-01-11 02:30;-24;2;26;2
2018-01-11 02:40;-28;-2;27;-1
2018-01-11 02:50;-31;-5;27;-4
2018-01-11 03:00;-34;-8;26;-8
2018-01-11 03:10;-36;-11;27;-9
2018-01-11 03:20;-38;-14;26;-12
2018-01-11 03:30;-39;-14;24;-15
2018-01-11 03:40;-39;-16;21;-18
2018-01-11 03:50;-39;-17;20;-19
2018-01-11 04:00;-38;-17;18;-20
2018-01-11 04:10;-38;-18;17;-21
2018-01-11 04:20;-37;-19;14;-23
2018-01-11 04:30;-36;-20;13;-23
2018-01-11 04:40;-35;-19;11;-24
2018-01-11 04:50;-35;-19;11;-24
2018-01-11 05:00;-35;-20;12;-23
2018-01-11 05:10;-35;-19;12;-23
2018-01-11 05:20;-36;-19;13;-23
2018-01-11 05:30;-36;-19;15;-21
2018-01-11 05:40;-37;-18;17;-20
2018-01-11 05:50;-37;-18;17;-20
2018-01-11 06:00;-37;-18;17;-20
2018-01-11 06:10;-37;-17;18;-19
2018-01-11 06:20;-36;-17;18;-18
2018-01-11 06:30;-34;-15;18;-16
2018-01-11 06:40;-32;-12;17;-15
2018-01-11 06:50;-30;-10;18;-12
2018-01-11 07:00;-26;-8;17;-9
2018-01-11 07:10;-23;-4;18;-5
2018-01-11 07:20;-19;-1;18;-1
2018-01-11 07:30;-14;4;16;2
2018-01-11 07:40;-8;8;14;6
2018-01-11 07:50;-2;12;12;10
2018-01-11 08:00;5;18;11;16
2018-01-11 08:10;12;24;10;22
2018-01-11 08:20;20;31;8;28
2018-01-11 08:30;29;37;6;35
2018-01-11 08:40;37;45;6;43
2018-01-11 08:50;45;53;7;52
2018-01-11 09:00;53;62;7;60
2018-01-11 09:10;60;71;9;69
2018-01-11 09:20;66;78;11;77
2018-01-11 09:30;72;84;12;84
2018-01-11 09:40;77;89;13;90
2018-01-11 09:50;81;92;13;94
2018-01-11 10:00;84;94;13;97
2018-01-11 10:10;87;96;11;98
2018-01-11 10:20;88;97;10;98
2018-01-11 10:30;89;97;9;98
2018-01-11 10:40;90;97;6;96
2018-01-11 10:50;89;96;5;94
2018-01-11 11:00;87;93;3;90
2018-01-11 11:10;85;89;2;87
2018-01-11 11:20;82;85;1;83
2018-01-11 11:30;78;80;2;80
2018-01-11 11:40;73;75;3;76
2018-01-11 11:50;68;70;5;73
2018-01-11 12:00;63;65;5;68
2018-01-11 12:10;58;60;5;63
2018-01-11 12:20;52;55;5;57
2018-01-11 12:30;46;49;5;51
2018-01-11 12:40;40;43;5;45
2018-01-11 12:50;34;36;4;38
2018-01-11 13:00;28;29;2;30
2018-01-11 13:10;20;22;2;22
2018-01-11 13:20;13;13;1;14
2018-01-11 13:30;5;6;0;5
2018-01-11 13:40;-3;-2;0;-3
2018-01-11 13:50;-10;-11;-1;-11
2018-01-11 14:00;-18;-19;-1;-19
2018-01-11 14:10;-25;-25;-2;-27
2018-01-11 14:20;-31;-34;-3;-34
2018-01-11 14:30;-37;-39;-4;-41
2018-01-11 14:40;-42;-46;-6;-48
2018-01-11 14:50;-46;-52;-9;-55
2018-01-11 15:00;-50;-58;-11;-61
2018-01-11 15:10;-53;-61;-13;-66
2018-01-11 15:20;-55;-65;-15;-70
2018-01-11 15:30;-57;-68;-17;-74
2018-01-11 15:40;-58;-70;-18;-76
2018-01-11 15:50;-59;-71;-19;-78
2018-01-11 16:00;-60;-73;-19;-79
2018-01-11 16:10;-60;-72;-20;-80
2018-01-11 16:20;-59;-73;-20;-79
2018-01-11 16:30;-59;-73;-18;-77
2018-01-11 16:40;-58;-71;-18;-76
2018-01-11 16:50;-57;-68;-17;-74
2018-01-11 17:00;-56;-66;-16;-72
2018-01-11 17:10;-55;-64;-16;-71
2018-01-11 17:20;-55;-62;-15;-70
2018-01-11 17:30;-55;-61;-14;-69
2018-01-11 17:40;-55;-61;-14;-69
2018-01-11 17:50;-56;-61;-13;-69
2018-01-11 18:00;-56;-61;-8;-64
2018-01-11 18:10;-56;-62;-8;-64
2018-01-11 18:20;-56;-63;-9;-65
2018-01-11 18:30;-56;-64;-9;-65
2018-01-11 18:40;-54;-63;-11;-65
2018-01-11 18:50;-52;-61;-13;-65
2018-01-11 19:00;-49;-61;-15;-64
2018-01-11 19:10;-46;-59;-16;-62
2018-01-11 19:20;-43;-56;-17;-60
2018-01-11 19:30;-38;-52;-19;-57
2018-01-11 19:40;-34;-49;-19;-53
2018-01-11 19:50;-29;-45;-18;-47
2018-01-11 20:00;-23;-39;-18;-41
2018-01-11 20:10;-17;-34;-17;-34
2018-01-11 20:20;-10;-27;-16;-26
2018-01-11 20:30;-2;-18;-17;-19
2018-01-11 20:40;7;-10;-17;-10
2018-01-11 20:50;16;-1;-18;-2
2018-01-11 21:00;25;10;-16;9
2018-01-11 21:10;35;21;-16;19
2018-01-11 21:20;44;33;-13;31
2018-01-11 21:30;53;44;-9;44
2018-01-11 21:40;62;53;-6;56
2018-01-11 21:50;70;66;-1;69
2018-01-11 22:00;77;76;2;79
2018-01-11 22:10;83;83;5;88
2018-01-11 22:20;88;90;7;95
2018-01-11 22:30;93;96;6;99
2018-01-11 22:40;96;99;5;101
2018-01-11 22:50;99;101;4;103
2018-01-11 23:00;101;101;1;102
2018-01-11 23:10;102;100;-2;100
2018-01-11 23:20;102;99;-4;98
2018-01-11 23:30;101;98;-5;96
2018-01-11 23:40;99;97;-5;94
2018-01-11 23:50;97;95;-4;93
2018-01-12 00:00;94;93;-4;90
2018-01-12 00:10;90;89;-2;88
2018-01-12 00:20;86;87;0;86
2018-01-12 00:30;82;83;2;84
2018-01-12 00:40;78;79;4;82
2018-01-12 00:50;74;75;4;78
2018-01-12 01:00;69;71;5;74
2018-01-12 01:10;64;66;6;70
2018-01-12 01:20;59;63;5;64
2018-01-12 01:30;53;56;5;58
2018-01-12 01:40;47;51;4;51
2018-01-12 01:50;41;44;5;46
2018-01-12 02:00;34;36;4;38
2018-01-12 02:10;27;30;4;31
2018-01-12 02:20;20;22;3;23
2018-01-12 02:30;13;13;2;15
2018-01-12 02:40;6;6;1;7
2018-01-12 02:50;0;0;-1;-1
2018-01-12 03:00;-6;-8;-3;-9
2018-01-12 03:10;-12;-14;-5;-17
2018-01-12 03:20;-17;-19;-7;-24
2018-01-12 03:30;-22;-26;-9;-31
2018-01-12 03:40;-26;-32;-11;-37
2018-01-12 03:50;-30;-37;-12;-42
2018-01-12 04:00;-33;-41;-13;-46
2018-01-12 04:10;-36;-45;-13;-49
2018-01-12 04:20;-38;-49;-13;-51
2018-01-12 04:30;-40;-50;-13;-53
2018-01-12 04:40;-40;-50;-14;-54
2018-01-12 04:50;-40;-49;-14;-54
2018-01-12 05:00;-40;-47;-13;-53
2018-01-12 05:10;-39;-47;-14;-53
2018-01-12 05:20;-39;-47;-13;-52
2018-01-12 05:30;-38;-44;-14;-52
2018-01-12 05:40;-37;-45;-15;-52
2018-01-12 05:50;-37;-45;-16;-53
2018-01-12 06:00;-37;-47;-10;-47
2018-01-12 06:10;-38;-48;-10;-48
2018-01-12 06:20;-38;-47;-11;-49
2018-01-12 06:30;-38;-47;-12;-50
2018-01-12 06:40;-39;-48;-11;-50
2018-01-12 06:50;-39;-47;-11;-50
2018-01-12 07:00;-39;-47;-11;-50
2018-01-12 07:10;-38;-46;-11;-49
2018-01-12 07:20;-38;-45;-10;-48
2018-01-12 07:30;-36;-44;-11;-47
2018-01-12 07:40;-35;-43;-11;-46
2018-01-12 07:50;-33;-40;-11;-44
2018-01-12 08:00;-31;-37;-12;-43
2018-01-12 08:10;-28;-34;-12;-40
2018-01-12 08:20;-24;-31;-14;-38
2018-01-12 08:30;-20;-29;-14;-34
2018-01-12 08:40;-15;-25;-14;-29
2018-01-12 08:50;-9;-20;-15;-24
2018-01-12 09:00;-2;-14;-16;-18
2018-01-12 09:10;5;-8;-16;-11
2018-01-12 09:20;13;-2;-16;-3
2018-01-12 09:30;21;6;-16;5
2018-01-12 09:40;29;14;-14;15
2018-01-12 09:50;37;25;-13;24
2018-01-12 10:00;45;35;-10;35
2018-01-12 10:10;52;44;-5;47
2018-01-12 10:20;59;55;-1;58
2018-01-12 10:30;66;65;1;67
2018-01-12 10:40;72;72;3;75
2018-01-12 10:50;78;78;3;81
2018-01-12 11:00;83;84;3;86
2018-01-12 11:10;87;87;1;88
2018-01-12 11:20;90;88;-1;89
2018-01-12 11:30;92;89;-4;88
2018-01-12 11:40;93;88;-6;87
2018-01-12 11:50;92;86;-7;85
2018-01-12 12:00;91;84;-9;82
2018-01-12 12:10;89;82;-9;80
2018-01-12 12:20;86;80;-8;78
2018-01-12 12:30;82;77;-6;76
2018-01-12 12:40;78;75;-5;73
2018-01-12 12:50;74;70;-3;71
2018-01-12 13:00;69;65;-1;68
2018-01-12 13:10;65;60;-1;64
2018-01-12 13:20;60;56;-1;59
2018-01-12 13:30;55;51;-1;54
2018-01-12 13:40;50;46;-2;48
2018-01-12 13:50;43;40;0;43
2018-01-12 14:00;37;35;-1;36
2018-01-12 14:10;30;28;0;30
2018-01-12 14:20;22;21;0;22
2018-01-12 14:30;14;14;1;15
2018-01-12 14:40;7;5;1;8
2018-01-12 14:50;0;-1;0;0
2018-01-12 15:00;-7;-8;-2;-9
2018-01-12 15:10;-14;-16;-2;-16
2018-01-12 15:20;-20;-24;-4;-24
2018-01-12 15:30;-25;-31;-6;-31
2018-01-12 15:40;-30;-38;-8;-38
2018-01-12 15:50;-34;-43;-10;-44
2018-01-12 16:00;-38;-47;-12;-50
2018-01-12 16:10;-42;-50;-12;-54
2018-01-12 16:20;-46;-53;-13;-59
2018-01-12 16:30;-49;-55;-13;-62
2018-01-12 16:40;-51;-58;-16;-67
2018-01-12 16:50;-53;-59;-16;-69
2018-01-12 17:00;-54;-61;-10;-64
2018-01-12 17:10;-55;-62;-10;-65
2018-01-12 17:20;-55;-63;-10;-65
2018-01-12 17:30;-55;-63;-10;-65
2018-01-12 17:40;-54;-62;-10;-64
2018-01-12 17:50;-53;-61;-9;-62
2018-01-12 18:00;-53;-60;-9;-62
2018-01-12 18:10;-53;-60;-8;-61
2018-01-12 18:20;-52;-58;-9;-61
2018-01-12 18:30;-53;-58;-8;-61
2018-01-12 18:40;-53;-57;-9;-62
2018-01-12 18:50;-53;-58;-10;-63
2018-01-12 19:00;-53;-58;-11;-64
2018-01-12 19:10;-53;-60;-12;-65
2018-01-12 19:20;-52;-61;-14;-66
2018-01-12 19:30;-51;-61;-15;-66
2018-01-12 19:40;-50;-61;-17;-67
2018-01-12 19:50;-48;-62;-18;-66
2018-01-12 20:00;-46;-61;-20;-66
2018-01-12 20:10;-44;-59;-20;-64
2018-01-12 20:20;-41;-57;-21;-62
2018-01-12 20:30;-39;-54;-21;-60
2018-01-12 20:40;-35;-50;-21;-56
2018-01-12 20:50;-32;-47;-21;-53
2018-01-12 21:00;-27;-42;-21;-48
2018-01-12 21:10;-22;-37;-20;-42
2018-01-12 21:20;-15;-31;-21;-36
2018-01-12 21:30;-8;-26;-20;-28
2018-01-12 21:40;0;-18;-20;-20
2018-01-12 21:50;9;-10;-20;-11
2018-01-12 22:00;18;0;-19;-1
2018-01-12 22:10;27;10;-17;10
2018-01-12 22:20;36;21;-14;22
2018-01-12 22:30;45;33;-11;34
2018-01-12 22:40;54;46;-7;47
2018-01-12 22:50;63;58;-4;59
2018-01-12 23:00;71;69;-1;70
2018-01-12 23:10;78;77;1;79
2018-01-12 23:20;85;86;0;85
2018-01-12 23:30;91;92;-1;90
2018-01-12 23:40;96;95;-3;93
2018-01-12 23:50;100;95;-7;93
2018-01-13 00:00;102;95;-9;93
2018-01-13 00:10;104;94;-13;91
2018-01-13 00:20;104;92;-14;90
2018-01-13 00:30;103;91;-15;88
2018-01-13 00:40;101;89;-14;87
2018-01-13 00:50;99;87;-13;86
2018-01-13 01:00;96;85;-12;84
2018-01-13 01:10;92;82;-10;82
2018-01-13 01:20;89;78;-10;79
2018-01-13 01:30;85;75;-8;77
2018-01-13 01:40;81;70;-8;73
2018-01-13 01:50;77;65;-8;69
2018-01-13 02:00;72;60;-7;65
2018-01-13 02:10;67;55;-7;60
2018-01-13 02:20;62;50;-7;55
2018-01-13 02:30;55;46;-6;49
2018-01-13 02:40;49;38;-7;42
2018-01-13 02:50;42;33;-6;36
2018-01-13 03:00;34;25;-5;29
2018-01-13 03:10;27;17;-7;20
2018-01-13 03:20;20;12;-8;12
2018-01-13 03:30;13;2;-10;3
2018-01-13 03:40;6;-5;-11;-5
2018-01-13 03:50;0;-10;-14;-14
2018-01-13 04:00;-6;-18;-16;-22
2018-01-13 04:10;-12;-24;-18;-30
2018-01-13 04:20;-18;-31;-19;-37
2018-01-13 04:30;-23;-37;-20;-43
2018-01-13 04:40;-28;-42;-22;-50
2018-01-13 04:50;-33;-47;-22;-55
2018-01-13 05:00;-37;-52;-23;-60
2018-01-13 05:10;-40;-56;-25;-65
2018-01-13 05:20;-42;-59;-26;-68
2018-01-13 05:30;-44;-61;-27;-71
2018-01-13 05:40;-44;-62;-29;-73
2018-01-13 05:50;-44;-62;-31;-75
2018-01-13 06:00;-44;-63;-21;-65
2018-01-13 06:10;-43;-64;-22;-65
2018-01-13 06:20;-42;-63;-23;-65
2018-01-13 06:30;-42;-63;-23;-65
2018-01-13 06:40;-41;-64;-24;-65
2018-01-13 06:50;-41;-63;-26;-67
2018-01-13 07:00;-41;-64;-26;-67
2018-01-13 07:10;-41;-64;-28;-69
2018-01-13 07:20;-42;-65;-29;-71
2018-01-13 07:30;-42;-66;-30;-72
2018-01-13 07:40;-42;-67;-31;-73
2018-01-13 07:50;-43;-67;-31;-74
2018-01-13 08:00;-43;-69;-32;-75
2018-01-13 08:10;-43;-69;-32;-75
2018-01-13 08:20;-43;-69;-31;-74
2018-01-13 08:30;-42;-67;-32;-74
2018-01-13 08:40;-42;-67;-31;-73
2018-01-13 08:50;-40;-64;-32;-72
2018-01-13 09:00;-38;-63;-32;-70
2018-01-13 09:10;-35;-60;-32;-67
2018-01-13 09:20;-31;-56;-33;-64
2018-01-13 09:30;-27;-53;-33;-60
2018-01-13 09:40;-21;-49;-34;-55
2018-01-13 09:50;-15;-43;-33;-48
2018-01-13 10:00;-8;-36;-33;-41
2018-01-13 10:10;-1;-28;-31;-32
2018-01-13 10:20;7;-19;-29;-22
2018-01-13 10:30;16;-8;-27;-11
2018-01-13 10:40;24;3;-23;1
2018-01-13 10:50;33;14;-20;13
2018-01-13 11:00;43;28;-15;28
2018-01-13 11:10;52;39;-12;40
2018-01-13 11:20;60;51;-8;52
2018-01-13 11:30;69;61;-3;66
2018-01-13 11:40;77;70;-4;73
2018-01-13 11:50;84;78;-5;79
2018-01-13 12:00;90;83;-7;83
2018-01-13 12:10;94;87;-9;85
2018-01-13 12:20;97;87;-12;85
2018-01-13 12:30;99;87;-15;84
2018-01-13 12:40;100;85;-18;82
2018-01-13 12:50;99;84;-19;80
2018-01-13 13:00;97;81;-18;79
2018-01-13 13:10;95;78;-18;77
2018-01-13 13:20;92;75;-17;75
2018-01-13 13:30;89;72;-15;74
2018-01-13 13:40;86;68;-15;71
2018-01-13 13:50;82;64;-14;68
2018-01-13 14:00;78;59;-14;64
2018-01-13 14:10;74;55;-14;60
2018-01-13 14:20;70;50;-14;56
2018-01-13 14:30;64;45;-12;52
2018-01-13 14:40;58;40;-12;46
2018-01-13 14:50;52;35;-11;41
2018-01-13 15:00;44;30;-9;35
2018-01-13 15:10;37;24;-9;28
2018-01-13 15:20;29;18;-7;22
2018-01-13 15:30;22;12;-7;15
2018-01-13 15:40;15;7;-7;8
2018-01-13 15:50;8;0;-8;0
2018-01-13 16:00;1;-7;-8;-7
2018-01-13 16:10;-5;-14;-10;-15
2018-01-13 16:20;-11;-22;-12;-23
2018-01-13 16:30;-17;-27;-13;-30
2018-01-13 16:40;-22;-32;-15;-37
2018-01-13 16:50;-28;-37;-15;-43
2018-01-13 17:00;-33;-41;-11;-44
2018-01-13 17:10;-37;-44;-11;-48
2018-01-13 17:20;-42;-46;-9;-51
2018-01-13 17:30;-45;-48;-8;-53
2018-01-13 17:40;-48;-50;-5;-53
2018-01-13 17:50;-50;-52;-5;-55
2018-01-13 18:00;-51;-54;-4;-55
2018-01-13 18:10;-52;-54;-3;-55
2018-01-13 18:20;-52;-55;-2;-54
2018-01-13 18:30;-52;-56;-3;-55
2018-01-13 18:40;-51;-56;-4;-55
2018-01-13 18:50;-51;-55;-6;-57
2018-01-13 19:00;-51;-56;-7;-58
2018-01-13 19:10;-50;-57;-8;-58
2018-01-13 19:20;-50;-57;-10;-60
2018-01-13 19:30;-50;-60;-12;-62
2018-01-13 19:40;-50;-61;-13;-63
2018-01-13 19:50;-50;-63;-13;-63
2018-01-13 20:00;-49;-64;-15;-64
2018-01-13 20:10;-49;-65;-15;-64
2018-01-13 20:20;-48;-66;-17;-65
2018-01-13 20:30;-48;-66;-17;-65
2018-01-13 20:40;-47;-66;-18;-65
2018-01-13 20:50;-46;-62;-18;-64
2018-01-13 21:00;-45;-61;-19;-64
2018-01-13 21:10;-44;-58;-19;-63
2018-01-13 21:20;-42;-56;-19;-61
2018-01-13 21:30;-40;-52;-18;-58
2018-01-13 21:40;-37;-48;-18;-55
2018-01-13 21:50;-33;-45;-18;-51
2018-01-13 22:00;-29;-40;-17;-46
2018-01-13 22:10;-23;-36;-17;-40
2018-01-13 22:20;-17;-27;-16;-33
2018-01-13 22:30;-10;-19;-15;-25
2018-01-13 22:40;-2;-12;-15;-17
2018-01-13 22:50;7;-3;-14;-7
2018-01-13 23:00;16;9;-13;3
2018-01-13 23:10;25;19;-11;14
2018-01-13 23:20;35;32;-10;25
2018-01-13 23:30;46;44;-8;38
2018-01-13 23:40;56;55;-4;52
2018-01-13 23:50;66;67;-2;64
2018-01-14 00:00;75;77;1;76
2018-01-14 00:10;84;84;0;84
2018-01-14 00:20;91;91;0;91
2018-01-14 00:30;97;96;-2;95
2018-01-14 00:40;102;97;-6;96
2018-01-14 00:50;105;99;-9;96
2018-01-14 01:00;107;99;-12;95
2018-01-14 01:10;107;97;-14;93
2018-01-14 01:20;107;95;-16;91
2018-01-14 01:30;105;93;-16;89
2018-01-14 01:40;103;89;-16;87
2018-01-14 01:50;101;86;-16;85
2018-01-14 02:00;98;82;-16;82
2018-01-14 02:10;95;78;-16;79
2018-01-14 02:20;92;74;-15;77
2018-01-14 02:30;88;69;-15;73
2018-01-14 02:40;84;64;-15;69
2018-01-14 02:50;79;59;-15;64
2018-01-14 03:00;73;54;-14;59
2018-01-14 03:10;67;48;-14;53
2018-01-14 03:20;60;43;-14;46
2018-01-14 03:30;53;37;-13;40
2018-01-14 03:40;45;29;-12;33
2018-01-14 03:50;38;21;-13;25
2018-01-14 04:00;30;14;-13;17
2018-01-14 04:10;23;7;-15;8
2018-01-14 04:20;15;-2;-16;-1
2018-01-14 04:30;8;-10;-17;-9
2018-01-14 04:40;1;-17;-19;-18
2018-01-14 04:50;-6;-24;-20;-26
2018-01-14 05:00;-12;-30;-22;-34
2018-01-14 05:10;-19;-38;-22;-41
2018-01-14 05:20;-25;-44;-23;-48
2018-01-14 05:30;-31;-49;-24;-55
2018-01-14 05:40;-36;-55;-24;-60
2018-01-14 05:50;-41;-60;-24;-65
2018-01-14 06:00;-44;-63;-25;-69
2018-01-14 06:10;-47;-66;-26;-73
2018-01-14 06:20;-49;-69;-27;-76
2018-01-14 06:30;-49;-70;-21;-70
2018-01-14 06:40;-49;-71;-22;-71
2018-01-14 06:50;-49;-71;-23;-72
2018-01-14 07:00;-48;-70;-24;-72
2018-01-14 07:10;-47;-71;-25;-72
2018-01-14 07:20;-46;-72;-26;-72
2018-01-14 07:30;-45;-70;-27;-72
2018-01-14 07:40;-45;-70;-27;-72
2018-01-14 07:50;-45;-69;-26;-71
2018-01-14 08:00;-45;-69;-27;-72
2018-01-14 08:10;-45;-70;-27;-72
2018-01-14 08:20;-46;-71;-27;-73
2018-01-14 08:30;-47;-72;-27;-74
2018-01-14 08:40;-48;-72;-27;-75
2018-01-14 08:50;-48;-74;-28;-76
2018-01-14 09:00;-49;-73;-28;-77
2018-01-14 09:10;-50;-73;-27;-77
2018-01-14 09:20;-50;-73;-27;-77
2018-01-14 09:30;-49;-71;-29;-78
2018-01-14 09:40;-48;-69;-28;-76
2018-01-14 09:50;-46;-67;-28;-74
2018-01-14 10:00;-43;-65;-29;-72
2018-01-14 10:10;-39;-62;-31;-70
2018-01-14 10:20;-35;-58;-31;-66
2018-01-14 10:30;-29;-55;-32;-61
2018-01-14 10:40;-23;-50;-33;-56
2018-01-14 10:50;-16;-45;-34;-50
2018-01-14 11:00;-8;-38;-34;-42
2018-01-14 11:10;0;-30;-34;-34
2018-01-14 11:20;9;-20;-32;-23
2018-01-14 11:30;19;-8;-30;-11
2018-01-14 11:40;30;4;-26;4
2018-01-14 11:50;41;18;-21;20
2018-01-14 12:00;52;33;-13;39
2018-01-14 12:10;63;47;-10;53
2018-01-14 12:20;73;60;-8;65
2018-01-14 12:30;83;73;-7;76
2018-01-14 12:40;91;81;-8;83
2018-01-14 12:50;97;89;-8;89
2018-01-14 13:00;102;93;-11;91
2018-01-14 13:10;105;94;-14;91
2018-01-14 13:20;107;93;-17;90
2018-01-14 13:30;107;92;-19;88
2018-01-14 13:40;106;90;-21;85
2018-01-14 13:50;105;88;-22;83
2018-01-14 14:00;103;84;-22;81
2018-01-14 14:10;100;82;-21;79
2018-01-14 14:20;98;80;-20;78
2018-01-14 14:30;95;76;-19;76
2018-01-14 14:40;92;74;-20;72
2018-01-14 14:50;89;69;-19;70
2018-01-14 15:00;85;64;-19;66
2018-01-14 15:10;80;59;-18;62
2018-01-14 15:20;74;53;-17;57
2018-01-14 15:30;68;48;-17;51
2018-01-14 15:40;61;43;-15;46
2018-01-14 15:50;53;38;-13;40
2018-01-14 16:00;46;33;-12;34
2018-01-14 16:10;38;27;-11;27
2018-01-14 16:20;31;19;-11;20
2018-01-14 16:30;23;12;-11;12
2018-01-14 16:40;16;4;-12;4
2018-01-14 16:50;10;-5;-15;-5
2018-01-14 17:00;3;-14;-17;-14
2018-01-14 17:10;-4;-22;-18;-22
2018-01-14 17:20;-10;-29;-21;-31
2018-01-14 17:30;-17;-36;-21;-38
2018-01-14 17:40;-23;-42;-21;-44
2018-01-14 17:50;-28;-47;-21;-49
2018-01-14 18:00;-34;-52;-19;-53
2018-01-14 18:10;-38;-55;-18;-56
2018-01-14 18:20;-42;-59;-17;-59
2018-01-14 18:30;-45;-61;-15;-60
2018-01-14 18:40;-47;-64;-15;-62
2018-01-14 18:50;-48;-66;-15;-63
2018-01-14 19:00;-49;-65;-15;-64
2018-01-14 19:10;-49;-66;-15;-64
2018-01-14 19:20;-49;-65;-15;-64
2018-01-14 19:30;-49;-63;-16;-65
2018-01-14 19:40;-48;-65;-19;-67
2018-01-14 19:50;-48;-65;-20;-68
2018-01-14 20:00;-47;-66;-22;-69
2018-01-14 20:10;-47;-68;-24;-71
2018-01-14 20:20;-47;-70;-25;-72
2018-01-14 20:30;-46;-72;-27;-73
2018-01-14 20:40;-46;-71;-29;-75
2018-01-14 20:50;-46;-72;-30;-76
2018-01-14 21:00;-46;-72;-31;-77
2018-01-14 21:10;-45;-72;-33;-78
2018-01-14 21:20;-45;-72;-34;-79
2018-01-14 21:30;-45;-73;-34;-79
2018-01-14 21:40;-45;-73;-35;-80
2018-01-14 21:50;-44;-74;-35;-79
2018-01-14 22:00;-43;-73;-36;-79
2018-01-14 22:10;-42;-72;-35;-77
2018-01-14 22:20;-40;-71;-35;-75
2018-01-14 22:30;-37;-69;-35;-72
2018-01-14 22:40;-34;-63;-34;-68
2018-01-14 22:50;-30;-60;-34;-64
2018-01-14 23:00;-25;-55;-33;-58
2018-01-14 23:10;-19;-48;-34;-53
2018-01-14 23:20;-12;-40;-33;-45
2018-01-14 23:30;-4;-33;-33;-37
2018-01-14 23:40;5;-24;-33;-28
2018-01-14 23:50;14;-15;-32;-18
2018-01-15 00:00;25;-7;-28;-3
2018-01-15 00:10;36;6;-25;11
2018-01-15 00:20;47;19;-21;26
2018-01-15 00:30;58;32;-18;40
2018-01-15 00:40;69;44;-17;52
2018-01-15 00:50;80;56;-18;62
2018-01-15 01:00;89;66;-19;70
2018-01-15 01:10;96;74;-20;76
2018-01-15 01:20;102;79;-22;80
2018-01-15 01:30;107;81;-26;81
2018-01-15 01:40;109;82;-28;81
2018-01-15 01:50;110;82;-32;78
2018-01-15 02:00;110;78;-35;75
2018-01-15 02:10;110;75;-37;73
2018-01-15 02:20;108;71;-37;71
2018-01-15 02:30;106;66;-39;67
2018-01-15 02:40;104;62;-38;66
2018-01-15 02:50;101;58;-36;65
2018-01-15 03:00;98;54;-36;62
2018-01-15 03:10;95;48;-37;58
2018-01-15 03:20;91;44;-38;53
2018-01-15 03:30;86;39;-38;48
2018-01-15 03:40;80;34;-38;42
2018-01-15 03:50;74;29;-38;36
2018-01-15 04:00;67;23;-37;30
2018-01-15 04:10;59;16;-36;23
2018-01-15 04:20;51;9;-35;16
2018-01-15 04:30;43;2;-34;9
2018-01-15 04:40;35;-6;-34;1
2018-01-15 04:50;27;-14;-34;-7
2018-01-15 05:00;19;-22;-34;-15
2018-01-15 05:10;11;-28;-33;-22
2018-01-15 05:20;3;-37;-35;-32
2018-01-15 05:30;-5;-43;-37;-42
2018-01-15 05:40;-12;-50;-39;-51
2018-01-15 05:50;-20;-57;-39;-59
2018-01-15 06:00;-27;-63;-36;-63
2018-01-15 06:10;-33;-70;-34;-67
2018-01-15 06:20;-39;-75;-33;-72
2018-01-15 06:30;-44;-80;-31;-75
2018-01-15 06:40;-48;-84;-31;-79
2018-01-15 06:50;-51;-86;-30;-81
2018-01-15 07:00;-53;-87;-31;-84
2018-01-15 07:10;-54;-85;-31;-85
2018-01-15 07:20;-54;-86;-32;-86
2018-01-15 07:30;-54;-86;-33;-87
2018-01-15 07:40;-53;-85;-34;-87
2018-01-15 07:50;-52;-88;-34;-86
2018-01-15 08:00;-51;-90;-37;-88
2018-01-15 08:10;-50;-93;-38;-88
2018-01-15 08:20;-49;-94;-38;-87
2018-01-15 08:30;-49;-96;-39;-88
2018-01-15 08:40;-48;-97;-40;-88
2018-01-15 08:50;-48;-99;-41;-89
2018-01-15 09:00;-49;-100;-41;-90
2018-01-15 09:10;-50;-100;-42;-92
2018-01-15 09:20;-51;-101;-43;-94
2018-01-15 09:30;-52;-102;-45;-97
2018-01-15 09:40;-53;-103;-46;-99
2018-01-15 09:50;-54;-104;-47;-101
2018-01-15 10:00;-54;-105;-47;-101
2018-01-15 10:10;-54;-104;-47;-101
2018-01-15 10:20;-53;-106;-48;-101
2018-01-15 10:30;-51;-105;-51;-102
2018-01-15 10:40;-49;-103;-51;-100
2018-01-15 10:50;-46;-100;-49;-95
2018-01-15 11:00;-42;-96;-46;-88
2018-01-15 11:10;-37;-89;-43;-80
2018-01-15 11:20;-31;-81;-40;-71
2018-01-15 11:30;-24;-71;-37;-61
2018-01-15 11:40;-17;-56;-32;-49
2018-01-15 11:50;-8;-42;-24;-32
2018-01-15 12:00;2;-26;-27;-25
2018-01-15 12:10;13;-10;-21;-8
2018-01-15 12:20;25;8;-16;9
2018-01-15 12:30;37;26;-9;28
2018-01-15 12:40;50;43;-7;43
2018-01-15 12:50;63;56;-7;56
2018-01-15 13:00;75;69;-8;67
2018-01-15 13:10;86;79;-10;76
2018-01-15 13:20;95;88;-13;82
2018-01-15 13:30;103;92;-16;87
2018-01-15 13:40;108;94;-19;89
2018-01-15 13:50;112;95;-23;89
2018-01-15 14:00;114;93;-27;87
2018-01-15 14:10;114;91;-30;84
2018-01-15 14:20;114;88;-33;81
2018-01-15 14:30;112;85;-32;80
2018-01-15 14:40;110;82;-32;78
2018-01-15 14:50;108;78;-33;75
2018-01-15 15:00;106;76;-35;71
2018-01-15 15:10;103;76;-35;68
2018-01-15 15:20;100;72;-34;66
2018-01-15 15:30;97;69;-34;63
2018-01-15 15:40;93;66;-30;63
2018-01-15 15:50;88;63;-29;59
2018-01-15 16:00;83;59;-27;56
2018-01-15 16:10;76;53;-24;52
2018-01-15 16:20;69;47;-19;50
2018-01-15 16:30;62;45;-17;45
2018-01-15 16:40;54;41;-13;41
2018-01-15 16:50;47;37;-9;38
2018-01-15 17:00;39;35;-4;35
2018-01-15 17:10;32;32;0;32
2018-01-15 17:20;24;30;5;29
2018-01-15 17:30;17;29;11;28
2018-01-15 17:40;10;27;16;26
2018-01-15 17:50;2;25;22;24
2018-01-15 18:00;-5;26;30;25
2018-01-15 18:10;-12;28;35;23
2018-01-15 18:20;-18;28;43;25
2018-01-15 18:30;-24;30;52;28
2018-01-15 18:40;-30;31;60;30
2018-01-15 18:50;-34;32;66;32
2018-01-15 19:00;-38;34;72;34
2018-01-15 19:10;-41;33;74;33
2018-01-15 19:20;-43;32;73;30
2018-01-15 19:30;-44;35;71;27
2018-01-15 19:40;-45;38;69;24
2018-01-15 19:50;-46;35;68;22
2018-01-15 20:00;-46;32;63;17
2018-01-15 20:10;-46;28;58;12
2018-01-15 20:20;-45;25;53;8
2018-01-15 20:30;-45;21;52;7
2018-01-15 20:40;-45;15;50;5
2018-01-15 20:50;-44;10;47;3
2018-01-15 21:00;-44;10;47;3
2018-01-15 21:10;-43;10;46;3
2018-01-15 21:20;-43;9;47;4
2018-01-15 21:30;-42;10;48;6
2018-01-15 21:40;-42;10;50;8
2018-01-15 21:50;-42;11;51;9
2018-01-15 22:00;-42;10;53;11
2018-01-15 22:10;-42;11;56;14
2018-01-15 22:20;-42;11;58;16
2018-01-15 22:30;-42;13;62;20
2018-01-15 22:40;-41;17;64;23
2018-01-15 22:50;-40;21;68;28
2018-01-15 23:00;-38;28;72;34
2018-01-15 23:10;-36;36;76;40
2018-01-15 23:20;-33;43;80;47
2018-01-15 23:30;-29;51;84;55
2018-01-15 23:40;-25;59;87;62
2018-01-15 23:50;-19;66;89;70
2018-01-16 00:00;-13;74;96;83
2018-01-16 00:10;-6;84;99;93
2018-01-16 00:20;2;93;102;104
2018-01-16 00:30;12;103;105;117
2018-01-16 00:40;23;117;107;130
2018-01-16 00:50;34;129;109;143
2018-01-16 01:00;46;143;108;154
2018-01-16 01:10;58;156;106;164
2018-01-16 01:20;70;167;102;172
2018-01-16 01:30;81;177;98;179
2018-01-16 01:40;90;183;93;183
2018-01-16 01:50;98;186;87;185
2018-01-16 02:00;105;187;80;185
2018-01-16 02:10;109;187;76;185
2018-01-16 02:20;112;184;71;183
2018-01-16 02:30;113;179;68;181
2018-01-16 02:40;113;176;66;179
2018-01-16 02:50;112;173;65;177
2018-01-16 03:00;110;170;64;174
2018-01-16 03:10;109;168;63;172
2018-01-16 03:20;106;165;64;170
2018-01-16 03:30;104;162;64;168
2018-01-16 03:40;101;158;63;164
2018-01-16 03:50;97;154;64;161
2018-01-16 04:00;93;148;64;157
2018-01-16 04:10;88;142;65;153
2018-01-16 04:20;82;137;67;149
2018-01-16 04:30;75;130;69;144
2018-01-16 04:40;67;123;72;139
2018-01-16 04:50;59;116;73;132
2018-01-16 05:00;51;;74;125
2018-01-16 05:10;43;100;75;118
2018-01-16 05:20;34;93;76;110
2018-01-16 05:30;25;84;62;87
2018-01-16 05:40;17;76;64;81
2018-01-16 05:50;8;69;65;73
2018-01-16 06:00;-1;60;67;66
2018-01-16 06:10;-9;54;67;58
2018-01-16 06:20;-18;49;69;51
2018-01-16 06:30;-26;43;72;46
2018-01-16 06:40;-33;39;73;40
2018-01-16 06:50;-39;33;75;36
2018-01-16 07:00;-45;30;77;32
2018-01-16 07:10;-50;27;79;29
2018-01-16 07:20;-53;25;79;26
2018-01-16 07:30;-56;22;81;25
2018-01-16 07:40;-57;19;81;24
2018-01-16 07:50;-58;23;82;24
2018-01-16 08:00;-58;26;83;25
2018-01-16 08:10;-58;28;84;26
2018-01-16 08:20;-57;27;84;27
2018-01-16 08:30;-56;;83;27
2018-01-16 08:40;-55;24;81;26
2018-01-16 08:50;-54;27;79;25
2018-01-16 09:00;-53;32;76;23
2018-01-16 09:10;-53;29;74;21
2018-01-16 09:20;-52;29;72;20
2018-01-16 09:30;-52;28;71;19
2018-01-16 09:40;-52;21;71;19
2018-01-16 09:50;-52;21;70;18
2018-01-16 10:00;-53;14;70;17
2018-01-16 10:10;-54;10;71;17
2018-01-16 10:20;-55;13;73;18
2018-01-16 10:30;-56;17;75;19
2018-01-16 10:40;-56;18;76;20
2018-01-16 10:50;-56;21;78;22
2018-01-16 11:00;-55;25;80;25
2018-01-16 11:10;-53;30;82;29
2018-01-16 11:20;-50;36;83;33
2018-01-16 11:30;-47;40;85;38
2018-01-16 11:40;-43;43;86;43
2018-01-16 11:50;-38;49;88;50
2018-01-16 12:00;-33;56;87;54
2018-01-16 12:10;-26;61;89;63
2018-01-16 12:20;-18;71;89;71
2018-01-16 12:30;-9;82;90;81
2018-01-16 12:40;1;95;91;92
2018-01-16 12:50;13;108;92;105
2018-01-16 13:00;26;122;94;120
2018-01-16 13:10;40;137;96;136
2018-01-16 13:20;54;152;98;152
2018-01-16 13:30;68;167;98;166
2018-01-16 13:40;81;179;96;177
2018-01-16 13:50;92;191;96;188
2018-01-16 14:00;102;200;94;196
2018-01-16 14:10;110;205;91;201
2018-01-16 14:20;116;205;87;203
2018-01-16 14:30;119;201;83;202
2018-01-16 14:40;121;197;80;201
2018-01-16 14:50;121;193;77;198
2018-01-16 15:00;119;187;76;195
2018-01-16 15:10;118;184;75;193
2018-01-16 15:20;115;183;75;190
2018-01-16 15:30;113;182;76;189
2018-01-16 15:40;110;181;76;186
2018-01-16 15:50;107;179;77;184
2018-01-16 16:00;104;177;76;180
2018-01-16 16:10;100;173;76;176
2018-01-16 16:20;95;167;77;172
2018-01-16 16:30;90;160;76;166
2018-01-16 16:40;84;151;76;160
2018-01-16 16:50;78;142;75;153
2018-01-16 17:00;71;134;63;134
2018-01-16 17:10;63;127;64;127
2018-01-16 17:20;56;119;63;119
2018-01-16 17:30;48;114;66;114
2018-01-16 17:40;41;105;64;105
2018-01-16 17:50;33;97;64;97
2018-01-16 18:00;25;88;63;88
2018-01-16 18:10;18;79;61;79
2018-01-16 18:20;10;71;61;71
2018-01-16 18:30;2;62;61;63
2018-01-16 18:40;-5;54;61;56
2018-01-16 18:50;-12;46;61;49
2018-01-16 19:00;-19;39;62;43
2018-01-16 19:10;-24;33;61;37
2018-01-16 19:20;-29;28;60;31
2018-01-16 19:30;-33;23;61;28
2018-01-16 19:40;-36;21;61;25
2018-01-16 19:50;-39;19;61;22
2018-01-16 20:00;-40;18;61;21
2018-01-16 20:10;-41;18;61;20
2018-01-16 20:20;-42;18;61;19
2018-01-16 20:30;-42;;63;21
2018-01-16 20:40;-42;16;62;20
2018-01-16 20:50;-42;18;61;19
2018-01-16 21:00;-42;18;60;18
2018-01-16 21:10;-42;20;58;16
2018-01-16 21:20;-42;19;57;15
2018-01-16 21:30;-42;18;55;13
2018-01-16 21:40;-41;16;52;11
2018-01-16 21:50;-41;13;51;10
2018-01-16 22:00;-40;12;49;9
2018-01-16 22:10;-40;9;47;7
2018-01-16 22:20;-40;7;46;6
2018-01-16 22:30;-39;6;44;5
2018-01-16 22:40;-39;5;44;5
2018-01-16 22:50;-39;8;43;4
2018-01-16 23:00;-39;8;44;5
2018-01-16 23:10;-38;10;44;6
2018-01-16 23:20;-37;13;45;8
2018-01-16 23:30;-36;16;45;9
2018-01-16 23:40;-34;18;45;11
2018-01-16 23:50;-31;21;46;15
2018-01-17 00:00;-28;24;50;22
2018-01-17 00:10;-25;26;52;27
2018-01-17 00:20;-20;33;49;29
2018-01-17 00:30;-15;38;53;38
2018-01-17 00:40;-9;46;56;47
2018-01-17 00:50;-2;55;59;57
2018-01-17 01:00;7;63;62;69
2018-01-17 01:10;16;75;67;83
2018-01-17 01:20;27;89;72;99
2018-01-17 01:30;39;102;76;115
2018-01-17 01:40;52;117;80;132
2018-01-17 01:50;64;133;83;147
2018-01-17 02:00;76;148;84;160
2018-01-17 02:10;87;161;84;171
2018-01-17 02:20;96;173;83;179
2018-01-17 02:30;104;179;80;184
2018-01-17 02:40;109;182;77;186
2018-01-17 02:50;113;182;74;187
2018-01-17 03:00;115;180;70;185
2018-01-17 03:10;115;177;67;182
2018-01-17 03:20;115;171;65;180
2018-01-17 03:30;113;168;64;177
2018-01-17 03:40;111;165;64;175
2018-01-17 03:50;109;160;64;173
2018-01-17 04:00;107;159;65;172
2018-01-17 04:10;104;158;66;170
2018-01-17 04:20;100;155;67;167
2018-01-17 04:30;96;152;66;162
2018-01-17 04:40;91;148;66;157
2018-01-17 04:50;85;141;65;150
2018-01-17 05:00;79;136;65;144
2018-01-17 05:10;71;130;65;136
2018-01-17 05:20;63;122;65;128
2018-01-17 05:30;55;116;57;112
2018-01-17 05:40;46;108;59;105
2018-01-17 05:50;37;101;60;97
2018-01-17 06:00;28;94;61;89
2018-01-17 06:10;19;87;62;81
2018-01-17 06:20;10;77;64;74
2018-01-17 06:30;1;69;65;66
2018-01-17 06:40;-9;62;67;58
2018-01-17 06:50;-18;54;69;51
2018-01-17 07:00;-26;47;71;45
2018-01-17 07:10;-35;42;74;39
2018-01-17 07:20;-42;35;75;33
2018-01-17 07:30;-48;31;77;29
2018-01-17 07:40;-53;28;79;26
2018-01-17 07:50;-57;27;81;24
2018-01-17 08:00;-59;26;81;22
2018-01-17 08:10;-61;27;82;21
2018-01-17 08:20;-62;27;84;22
2018-01-17 08:30;-62;26;84;22
2018-01-17 08:40;-62;27;85;23
2018-01-17 08:50;-61;30;84;23
2018-01-17 09:00;-60;30;82;22
2018-01-17 09:10;-60;30;82;22
2018-01-17 09:20;-59;30;79;20
2018-01-17 09:30;-58;29;77;19
2018-01-17 09:40;-57;29;74;17
2018-01-17 09:50;-57;27;72;15
2018-01-17 10:00;-56;23;69;13
2018-01-17 10:10;-56;21;67;11
2018-01-17 10:20;-56;19;64;8
2018-01-17 10:30;-56;17;64;8
2018-01-17 10:40;-56;15;65;9
2018-01-17 10:50;-57;13;67;10
2018-01-17 11:00;-57;14;69;12
2018-01-17 11:10;-57;;73;16
2018-01-17 11:20;-57;;76;19
2018-01-17 11:30;-56;;78;22
2018-01-17 11:40;-55;;81;26
2018-01-17 11:50;-52;;82;30
2018-01-17 12:00;-50;;85;35
2018-01-17 12:10;-46;;86;40
2018-01-17 12:20;-42;;89;47
2018-01-17 12:30;-37;;91;54
2018-01-17 12:40;-31;;94;63
2018-01-17 12:50;-23;;95;72
2018-01-17 13:00;-15;;99;84
2018-01-17 13:10;-5;;101;96
2018-01-17 13:20;6;;103;109
2018-01-17 13:30;18;;107;125
2018-01-17 13:40;32;;110;142
2018-01-17 13:50;47;;113;160
2018-01-17 14:00;62;;113;175
2018-01-17 14:10;76;;113;189
2018-01-17 14:20;90;;111;201
2018-01-17 14:30;102;;109;211
2018-01-17 14:40;111;;105;216
2018-01-17 14:50;119;;101;220
2018-01-17 15:00;124;;96;220
2018-01-17 15:10;126;;92;218
2018-01-17 15:20;127;;87;214
2018-01-17 15:30;126;;83;209
2018-01-17 15:40;124;;81;205
2018-01-17 15:50;122;;78;200
2018-01-17 16:00;119;;78;197
2018-01-17 16:10;116;;78;194
2018-01-17 16:20;112;;77;189
2018-01-17 16:30;109;;76;185
2018-01-17 16:40;104;;77;181
2018-01-17 16:50;100;;76;176
2018-01-17 17:00;94;;76;170
2018-01-17 17:10;88;;74;162
2018-01-17 17:20;81;;74;155
2018-01-17 17:30;74;;71;145
2018-01-17 17:40;67;;70;137
2018-01-17 17:50;60;;68;128
2018-01-17 18:00;52;;68;120
2018-01-17 18:10;45;;66;111
2018-01-17 18:20;37;;65;102
2018-01-17 18:30;30;;64;94
2018-01-17 18:40;22;;63;85
2018-01-17 18:50;15;;62;77
2018-01-17 19:00;7;;61;68
2018-01-17 19:10;-1;;60;59
2018-01-17 19:20;-8;;59;51
2018-01-17 19:30;-15;;59;44
2018-01-17 19:40;-22;;57;35
2018-01-17 19:50;-27;;56;29
2018-01-17 20:00;-31;;53;22
2018-01-17 20:10;-34;;52;18
2018-01-17 20:20;-36;;50;14
2018-01-17 20:30;-37;;49;12
2018-01-17 20:40;-38;;49;11
2018-01-17 20:50;-39;;49;10
2018-01-17 21:00;-39;;49;10
2018-01-17 21:10;-39;;50;11
2018-01-17 21:20;-39;;49;10
2018-01-17 21:30;-40;;49;9
2018-01-17 21:40;-40;;48;8
2018-01-17 21:50;-40;;46;6
2018-01-17 22:00;-41;;44;3
2018-01-17 22:10;-41;;42;1
2018-01-17 22:20;-40;;39;-1
2018-01-17 22:30;-40;;38;-2
2018-01-17 22:40;-40;;36;-4
2018-01-17 22:50;-39;;34;-5
2018-01-17 23:00;-39;;34;-5
2018-01-17 23:10;-38;;32;-6
2018-01-17 23:20;-38;;31;-7
2018-01-17 23:30;-37;;31;-6
2018-01-17 23:40;-36;;30;-6
2018-01-17 23:50;-35;;29;-6
2018-01-18 00:00;-34;;29;-5
2018-01-18 00:10;-32;;28;-4
2018-01-18 00:20;-29;;26;-3
2018-01-18 00:30;-27;;26;-1
2018-01-18 00:40;-23;;25;2
2018-01-18 00:50;-20;;24;4
2018-01-18 01:00;-15;;22;7
2018-01-18 01:10;-10;;20;10
2018-01-18 01:20;-3;;18;15
2018-01-18 01:30;5;;16;21
2018-01-18 01:40;14;;14;28
2018-01-18 01:50;24;;12;36
2018-01-18 02:00;35;;12;47
2018-01-18 02:10;48;;12;60
2018-01-18 02:20;60;;16;76
2018-01-18 02:30;73;;19;92
2018-01-18 02:40;84;;23;107
2018-01-18 02:50;95;;24;119
2018-01-18 03:00;103;;26;129
2018-01-18 03:10;110;;26;136
2018-01-18 03:20;114;;25;139
2018-01-18 03:30;117;;22;139
2018-01-18 03:40;118;;19;137
2018-01-18 03:50;117;;17;134
2018-01-18 04:00;116;;14;130
2018-01-18 04:10;114;;11;125
2018-01-18 04:20;111;;11;122
2018-01-18 04:30;109;;9;118
2018-01-18 04:40;106;;9;115
2018-01-18 04:50;102;;12;114
2018-01-18 05:00;98;;13;111
2018-01-18 05:10;93;;15;108
2018-01-18 05:20;87;;17;104
2018-01-18 05:30;81;;18;99
2018-01-18 05:40;73;;21;94
2018-01-18 05:50;65;;24;89
2018-01-18 06:00;57;;26;83
2018-01-18 06:10;48;;28;76
2018-01-18 06:20;39;;30;69
2018-01-18 06:30;30;;31;61
2018-01-18 06:40;21;;32;53
2018-01-18 06:50;11;;35;46
2018-01-18 07:00;2;;37;39
2018-01-18 07:10;-8;;40;32
2018-01-18 07:20;-18;;45;27
2018-01-18 07:30;-27;;48;21
2018-01-18 07:40;-36;;53;17
2018-01-18 07:50;-44;;57;13
2018-01-18 08:00;-51;;63;12
2018-01-18 08:10;-56;;68;12
2018-01-18 08:20;-61;;74;13
2018-01-18 08:30;-64;;79;15
2018-01-18 08:40;-65;;85;20
2018-01-18 08:50;-66;;92;26
2018-01-18 09:00;-65;;99;34
2018-01-18 09:10;-65;;107;42
2018-01-18 09:20;-64;;114;50
2018-01-18 09:30;-63;;120;57
2018-01-18 09:40;-62;;125;63
2018-01-18 09:50;-62;;128;66
2018-01-18 10:00;-62;;130;68
2018-01-18 10:10;-61;;128;67
2018-01-18 10:20;-61;;126;65
2018-01-18 10:30;-61;;125;64
2018-01-18 10:40;-61;;123;62
2018-01-18 10:50;-61;;121;60
2018-01-18 11:00;-61;;119;58
2018-01-18 11:10;-61;;116;55
2018-01-18 11:20;-60;;113;53
2018-01-18 11:30;-60;;112;52
2018-01-18 11:40;-60;;110;50
2018-01-18 11:50;-59;;107;48
2018-01-18 12:00;-58;;105;47
2018-01-18 12:10;-56;;100;44
2018-01-18 12:20;-54;;96;42
2018-01-18 12:30;-51;;91;40
2018-01-18 12:40;-48;;86;38
2018-01-18 12:50;-44;;82;38
2018-01-18 13:00;-39;;79;40
2018-01-18 13:10;-34;;78;44
2018-01-18 13:20;-27;;78;51
2018-01-18 13:30;-19;;79;60
2018-01-18 13:40;-10;;81;71
2018-01-18 13:50;0;;86;86
2018-01-18 14:00;13;;89;102
2018-01-18 14:10;26;;94;120
2018-01-18 14:20;41;;96;137
2018-01-18 14:30;56;;97;153
2018-01-18 14:40;71;;95;166
2018-01-18 14:50;86;;91;177
2018-01-18 15:00;99;;85;184
2018-01-18 15:10;110;;78;188
2018-01-18 15:20;119;;71;190
2018-01-18 15:30;126;;64;190
2018-01-18 15:40;130;;59;189
2018-01-18 15:50;131;;53;184
2018-01-18 16:00;131;;49;180
2018-01-18 16:10;129;;49;178
2018-01-18 16:20;127;;47;174
2018-01-18 16:30;124;;47;171
2018-01-18 16:40;121;;46;167
2018-01-18 16:50;117;;47;164
2018-01-18 17:00;113;;47;160
2018-01-18 17:10;109;;45;154
2018-01-18 17:20;104;;44;148
2018-01-18 17:30;98;;43;141
2018-01-18 17:40;92;;42;134
2018-01-18 17:50;85;;41;126
2018-01-18 18:00;77;;40;117
2018-01-18 18:10;70;;37;107
2018-01-18 18:20;62;;37;99
2018-01-18 18:30;54;;36;90
2018-01-18 18:40;47;;34;81
2018-01-18 18:50;39;;34;73
2018-01-18 19:00;32;;33;65
2018-01-18 19:10;25;;30;55
2018-01-18 19:20;18;;29;47
2018-01-18 19:30;10;;29;39
2018-01-18 19:40;3;;28;31
2018-01-18 19:50;-5;;27;22
2018-01-18 20:00;-12;;26;14
2018-01-18 20:10;-19;;26;7
2018-01-18 20:20;-24;;25;1
2018-01-18 20:30;-29;;25;-4
2018-01-18 20:40;-32;;26;-6
2018-01-18 20:50;-35;;28;-7
2018-01-18 21:00;-36;;27;-9
2018-01-18 21:10;-36;;25;-11
2018-01-18 21:20;-36;;25;-11
2018-01-18 21:30;-36;;25;-11
2018-01-18 21:40;-36;;26;-10
2018-01-18 21:50;-36;;24;-12
2018-01-18 22:00;-37;;25;-12
2018-01-18 22:10;-38;;22;-16
2018-01-18 22:20;-39;;23;-16
2018-01-18 22:30;-40;;24;-16
2018-01-18 22:40;-41;;24;-17
2018-01-18 22:50;-41;;23;-18
2018-01-18 23:00;-41;;21;-20
2018-01-18 23:10;-41;;21;-20
2018-01-18 23:20;-41;;21;-20
2018-01-18 23:30;-41;;22;-19
2018-01-18 23:40;-40;;20;-20
2018-01-18 23:50;-39;;20;-19
2018-01-19 00:00;-38;;20;-18
2018-01-19 00:10;-37;;20;-17
2018-01-19 00:20;-35;;21;-14
2018-01-19 00:30;-34;;21;-13
2018-01-19 00:40;-32;;20;-12
2018-01-19 00:50;-29;;19;-10
2018-01-19 01:00;-26;;19;-7
2018-01-19 01:10;-23;;20;-3
2018-01-19 01:20;-20;;22;2
2018-01-19 01:30;-15;;21;6
2018-01-19 01:40;-10;;23;13
2018-01-19 01:50;-4;;24;20
2018-01-19 02:00;3;;25;28
2018-01-19 02:10;11;;27;38
2018-01-19 02:20;21;;29;50
2018-01-19 02:30;32;;34;66
2018-01-19 02:40;43;;40;83
2018-01-19 02:50;56;;46;102
2018-01-19 03:00;69;;49;118
2018-01-19 03:10;81;;49;130
2018-01-19 03:20;92;;46;138
2018-01-19 03:30;101;;44;145
2018-01-19 03:40;109;;42;151
2018-01-19 03:50;114;;39;153
2018-01-19 04:00;117;;36;153
2018-01-19 04:10;119;;32;151
2018-01-19 04:20;118;;32;150
2018-01-19 04:30;117;;31;148
2018-01-19 04:40;115;;29;144
2018-01-19 04:50;112;;26;138
2018-01-19 05:00;110;;24;134
2018-01-19 05:10;107;;25;132
2018-01-19 05:20;103;;25;128
2018-01-19 05:30;99;;24;123
2018-01-19 05:40;95;;23;118
2018-01-19 05:50;89;;23;112
2018-01-19 06:00;83;;22;105
2018-01-19 06:10;75;;22;97
2018-01-19 06:20;67;;23;90
2018-01-19 06:30;59;;24;83
2018-01-19 06:40;50;;25;75
2018-01-19 06:50;41;;24;65
2018-01-19 07:00;31;;24;55
2018-01-19 07:10;22;;24;46
2018-01-19 07:20;13;;23;36
2018-01-19 07:30;3;;23;26
2018-01-19 07:40;-7;;23;16
2018-01-19 07:50;-16;;22;6
2018-01-19 08:00;-26;;22;-4
2018-01-19 08:10;-35;;23;-12
2018-01-19 08:20;-44;;24;-20
2018-01-19 08:30;-51;;24;-27
2018-01-19 08:40;-58;;24;-34
2018-01-19 08:50;-63;;24;-39
2018-01-19 09:00;-66;;23;-43
2018-01-19 09:10;-68;;24;-44
2018-01-19 09:20;-69;;24;-45
2018-01-19 09:30;-69;;24;-45
2018-01-19 09:40;-68;;24;-44
2018-01-19 09:50;-66;;23;-43
2018-01-19 10:00;-65;;24;-41
2018-01-19 10:10;-64;;23;-41
2018-01-19 10:20;-64;;25;-39
2018-01-19 10:30;-63;;24;-39
2018-01-19 10:40;-64;;25;-39
2018-01-19 10:50;-64;;23;-41
2018-01-19 11:00;-65;;22;-43
2018-01-19 11:10;-65;;21;-44
2018-01-19 11:20;-66;;20;-46
2018-01-19 11:30;-66;;17;-49
2018-01-19 11:40;-66;;15;-51
2018-01-19 11:50;-66;;14;-52
2018-01-19 12:00;-66;;13;-53
2018-01-19 12:10;-65;;13;-52
2018-01-19 12:20;-64;;11;-53
2018-01-19 12:30;-62;;8;-54
2018-01-19 12:40;-60;;7;-53
2018-01-19 12:50;-58;;7;-51
2018-01-19 13:00;-55;;7;-48
2018-01-19 13:10;-51;;4;-47
2018-01-19 13:20;-47;;3;-44
2018-01-19 13:30;-42;;2;-40
2018-01-19 13:40;-36;;2;-34
2018-01-19 13:50;-30;;2;-28
2018-01-19 14:00;-23;;2;-21
2018-01-19 14:10;-14;;1;-13
2018-01-19 14:20;-4;;2;-2
2018-01-19 14:30;7;;5;12
2018-01-19 14:40;20;;8;28
2018-01-19 14:50;34;;14;48
2018-01-19 15:00;49;;21;70
2018-01-19 15:10;65;;26;91
2018-01-19 15:20;80;;27;107
2018-01-19 15:30;94;;24;118
2018-01-19 15:40;106;;22;128
2018-01-19 15:50;116;;20;136
2018-01-19 16:00;124;;16;140
2018-01-19 16:10;129;;11;140
2018-01-19 16:20;132;;6;138
2018-01-19 16:30;132;;5;137
2018-01-19 16:40;131;;3;134
2018-01-19 16:50;129;;0;129
2018-01-19 17:00;126;;3;129
2018-01-19 17:10;123;;4;127
2018-01-19 17:20;120;;2;122
2018-01-19 17:30;116;;2;118
2018-01-19 17:40;112;;4;116
2018-01-19 17:50;107;;6;113
2018-01-19 18:00;102;;6;108
2018-01-19 18:10;96;;7;103
2018-01-19 18:20;89;;8;97
2018-01-19 18:30;82;;8;90
2018-01-19 18:40;74;;9;83
2018-01-19 18:50;65;;12;77
2018-01-19 19:00;57;;12;69
2018-01-19 19:10;49;;13;62
2018-01-19 19:20;42;;12;54
2018-01-19 19:30;34;;12;46
2018-01-19 19:40;27;;11;38
2018-01-19 19:50;20;;10;30
2018-01-19 20:00;13;;8;21
2018-01-19 20:10;6;;5;11
2018-01-19 20:20;-1;;4;3
2018-01-19 20:30;-8;;4;-4
2018-01-19 20:40;-15;;5;-10
2018-01-19 20:50;-21;;5;-16
2018-01-19 21:00;-26;;5;-21
2018-01-19 21:10;-30;;7;-23
2018-01-19 21:20;-32;;8;-24
2018-01-19 21:30;-34;;11;-23
2018-01-19 21:40;-34;;13;-21
2018-01-19 21:50;-34;;15;-19
2018-01-19 22:00;-34;;16;-18
2018-01-19 22:10;-34;;17;-17
2018-01-19 22:20;-34;;18;-16
2018-01-19 22:30;-34;;17;-17
2018-01-19 22:40;-35;;15;-20
2018-01-19 22:50;-36;;13;-23
2018-01-19 23:00;-38;;13;-25
2018-01-19 23:10;-40;;14;-26
2018-01-19 23:20;-41;;13;-28
2018-01-19 23:30;-43;;13;-30
2018-01-19 23:40;-44;;13;-31
2018-01-19 23:50;-44;;12;-32
2018-01-20 00:00;-44;;12;-32
2018-01-20 00:10;-44;;11;-33
2018-01-20 00:20;-43;;10;-33
2018-01-20 00:30;-41;;8;-33
2018-01-20 00:40;-40;;8;-32
2018-01-20 00:50;-38;;7;-31
2018-01-20 01:00;-36;;6;-30
2018-01-20 01:10;-33;;4;-29
2018-01-20 01:20;-30;;4;-26
2018-01-20 01:30;-27;;4;-23
2018-01-20 01:40;-24;;4;-20
2018-01-20 01:50;-20;;4;-16
2018-01-20 02:00;-16;;5;-11
2018-01-20 02:10;-11;;5;-6
2018-01-20 02:20;-6;;6;0
2018-01-20 02:30;0;;8;8
2018-01-20 02:40;8;;8;16
2018-01-20 02:50;17;;10;27
2018-01-20 03:00;27;;13;40
2018-01-20 03:10;38;;19;57
2018-01-20 03:20;50;;25;75
2018-01-20 03:30;63;;30;93
2018-01-20 03:40;75;;33;108
2018-01-20 03:50;87;;32;119
2018-01-20 04:00;97;;31;128
2018-01-20 04:10;105;;30;135
2018-01-20 04:20;111;;28;139
2018-01-20 04:30;115;;26;141
2018-01-20 04:40;117;;25;142
2018-01-20 04:50;117;;24;141
2018-01-20 05:00;116;;21;137
2018-01-20 05:10;114;;20;134
2018-01-20 05:20;111;;22;133
2018-01-20 05:30;108;;21;129
2018-01-20 05:40;105;;17;122
2018-01-20 05:50;102;;18;120
2018-01-20 06:00;99;;18;117
2018-01-20 06:10;95;;17;112
2018-01-20 06:20;90;;17;107
2018-01-20 06:30;84;;15;99
2018-01-20 06:40;77;;15;92
2018-01-20 06:50;70;;15;85
2018-01-20 07:00;61;;16;77
2018-01-20 07:10;52;;17;69
2018-01-20 07:20;43;;18;61
2018-01-20 07:30;34;;18;52
2018-01-20 07:40;24;;18;42
2018-01-20 07:50;15;;17;32
2018-01-20 08:00;5;;18;23
2018-01-20 08:10;-5;;19;14
2018-01-20 08:20;-14;;18;4
2018-01-20 08:30;-24;;18;-6
2018-01-20 08:40;-33;;18;-15
2018-01-20 08:50;-42;;19;-23
2018-01-20 09:00;-50;;19;-31
2018-01-20 09:10;-57;;19;-38
2018-01-20 09:20;-63;;21;-42
2018-01-20 09:30;-67;;22;-45
2018-01-20 09:40;-70;;23;-47
2018-01-20 09:50;-71;;24;-47
2018-01-20 10:00;-71;;26;-45
2018-01-20 10:10;-70;;27;-43
2018-01-20 10:20;-69;;27;-42
2018-01-20 10:30;-67;;26;-41
2018-01-20 10:40;-65;;25;-40
2018-01-20 10:50;-64;;24;-40
2018-01-20 11:00;-64;;23;-41
2018-01-20 11:10;-64;;21;-43
2018-01-20 11:20;-64;;21;-43
2018-01-20 11:30;-65;;21;-44
2018-01-20 11:40;-67;;21;-46
2018-01-20 11:50;-68;;20;-48
2018-01-20 12:00;-69;;20;-49
2018-01-20 12:10;-70;;20;-50
2018-01-20 12:20;-70;;19;-51
2018-01-20 12:30;-70;;18;-52
2018-01-20 12:40;-70;;18;-52
2018-01-20 12:50;-69;;17;-52
2018-01-20 13:00;-67;;16;-51
2018-01-20 13:10;-65;;16;-49
2018-01-20 13:20;-62;;14;-48
2018-01-20 13:30;-59;;13;-46
2018-01-20 13:40;-55;;12;-43
2018-01-20 13:50;-51;;11;-40
2018-01-20 14:00;-46;;10;-36
2018-01-20 14:10;-40;;8;-32
2018-01-20 14:20;-34;;9;-25
2018-01-20 14:30;-27;;9;-18
2018-01-20 14:40;-19;;9;-10
2018-01-20 14:50;-9;;9;0
2018-01-20 15:00;2;;11;13
2018-01-20 15:10;14;;13;27
2018-01-20 15:20;27;;18;45
2018-01-20 15:30;42;;24;66
2018-01-20 15:40;57;;32;89
2018-01-20 15:50;73;;34;107
2018-01-20 16:00;87;;33;120
2018-01-20 16:10;100;;31;131
2018-01-20 16:20;111;;29;140
2018-01-20 16:30;120;;27;147
2018-01-20 16:40;126;;22;148
2018-01-20 16:50;129;;18;147
2018-01-20 17:00;131;;14;145
2018-01-20 17:10;130;;12;142
2018-01-20 17:20;128;;9;137
2018-01-20 17:30;125;;11;136
2018-01-20 17:40;122;;12;134
2018-01-20 17:50;119;;9;128
2018-01-20 18:00;115;;9;124
2018-01-20 18:10;112;;10;122
2018-01-20 18:20;108;;11;119
2018-01-20 18:30;104;;10;114
2018-01-20 18:40;99;;10;109
2018-01-20 18:50;93;;10;103
2018-01-20 19:00;86;;11;97
2018-01-20 19:10;78;;12;90
2018-01-20 19:20;70;;13;83
2018-01-20 19:30;62;;14;76
2018-01-20 19:40;53;;16;69
2018-01-20 19:50;45;;15;60
2018-01-20 20:00;37;;15;52
2018-01-20 20:10;30;;13;43
2018-01-20 20:20;22;;13;35
2018-01-20 20:30;15;;11;26
2018-01-20 20:40;8;;8;16
2018-01-20 20:50;2;;4;6
2018-01-20 21:00;-5;;3;-2
2018-01-20 21:10;-11;;3;-8
2018-01-20 21:20;-17;;2;-15
2018-01-20 21:30;-22;;1;-21
2018-01-20 21:40;-27;;3;-24
2018-01-20 21:50;-30;;4;-26
2018-01-20 22:00;-32;;6;-26
2018-01-20 22:10;-32;;7;-25
2018-01-20 22:20;-33;;8;-25
2018-01-20 22:30;-32;;8;-24
2018-01-20 22:40;-32;;9;-23
2018-01-20 22:50;-31;;9;-22
2018-01-20 23:00;-31;;7;-24
2018-01-20 23:10;-32;;6;-26
2018-01-20 23:20;-33;;4;-29
2018-01-20 23:30;-35;;5;-30
2018-01-20 23:40;-37;;7;-30
2018-01-20 23:50;-40;;7;-33
2018-01-21 00:00;-42;;7;-35
2018-01-21 00:10;-44;;8;-36
2018-01-21 00:20;-45;;9;-36
2018-01-21 00:30;-46;;10;-36
2018-01-21 00:40;-46;;9;-37
2018-01-21 00:50;-46;;8;-38
2018-01-21 01:00;-45;;7;-38
2018-01-21 01:10;-44;;7;-37
2018-01-21 01:20;-42;;7;-35
2018-01-21 01:30;-39;;5;-34
2018-01-21 01:40;-36;;2;-34
2018-01-21 01:50;-33;;0;-33
2018-01-21 02:00;-30;;-2;-32
2018-01-21 02:10;-26;;-3;-29
2018-01-21 02:20;-22;;-5;-27
2018-01-21 02:30;-17;;-7;-24
2018-01-21 02:40;-13;;-8;-21
2018-01-21 02:50;-7;;-9;-16
2018-01-21 03:00;-1;;-10;-11
2018-01-21 03:10;5;;-11;-6
2018-01-21 03:20;13;;-13;0
2018-01-21 03:30;23;;-14;9
2018-01-21 03:40;33;;-13;20
2018-01-21 03:50;45;;-11;34
2018-01-21 04:00;57;;-7;50
2018-01-21 04:10;69;;-2;67
2018-01-21 04:20;80;;1;81
2018-01-21 04:30;91;;0;91
2018-01-21 04:40;99;;0;99
2018-01-21 04:50;106;;0;106
2018-01-21 05:00;111;;1;112
2018-01-21 05:10;113;;1;114
2018-01-21 05:20;114;;0;114
2018-01-21 05:30;113;;0;113
2018-01-21 05:40;110;;1;111
2018-01-21 05:50;108;;-1;107
2018-01-21 06:00;104;;-3;101
2018-01-21 06:10;101;;-3;98
2018-01-21 06:20;98;;-1;97
2018-01-21 06:30;95;;-3;92
2018-01-21 06:40;92;;-8;84
2018-01-21 06:50;88;;-8;80
2018-01-21 07:00;83;;-8;75
2018-01-21 07:10;77;;-11;66
2018-01-21 07:20;71;;-13;58
2018-01-21 07:30;63;;-13;50
2018-01-21 07:40;55;;-14;41
2018-01-21 07:50;46;;-13;33
2018-01-21 08:00;36;;-13;23
2018-01-21 08:10;27;;-15;12
2018-01-21 08:20;17;;-15;2
2018-01-21 08:30;7;;-15;-8
2018-01-21 08:40;-2;;-17;-19
2018-01-21 08:50;-12;;-18;-30
2018-01-21 09:00;-21;;-20;-41
2018-01-21 09:10;-31;;-20;-51
2018-01-21 09:20;-40;;-21;-61
2018-01-21 09:30;-48;;-22;-70
2018-01-21 09:40;-56;;-23;-79
2018-01-21 09:50;-62;;-23;-85
2018-01-21 10:00;-67;;-24;-91
2018-01-21 10:10;-71;;-24;-95
2018-01-21 10:20;-73;;-25;-98
2018-01-21 10:30;-73;;-25;-98
2018-01-21 10:40;-73;;-25;-98
2018-01-21 10:50;-72;;-25;-97
2018-01-21 11:00;-70;;-23;-93
2018-01-21 11:10;-68;;-22;-90
2018-01-21 11:20;-66;;-24;-90
2018-01-21 11:30;-65;;-24;-89
2018-01-21 11:40;-64;;-24;-88
2018-01-21 11:50;-64;;-25;-89
2018-01-21 12:00;-65;;-25;-90
2018-01-21 12:10;-66;;-27;-93
2018-01-21 12:20;-67;;-28;-95
2018-01-21 12:30;-69;;-27;-96
2018-01-21 12:40;-70;;-28;-98
2018-01-21 12:50;-71;;-29;-100
2018-01-21 13:00;-72;;-30;-102
2018-01-21 13:10;-72;;-32;-104
2018-01-21 13:20;-72;;-33;-105
2018-01-21 13:30;-71;;-35;-106
2018-01-21 13:40;-69;;-37;-106
2018-01-21 13:50;-67;;-40;-107
2018-01-21 14:00;-64;;-44;-108
2018-01-21 14:10;-60;;-47;-107
2018-01-21 14:20;-55;;-51;-106
2018-01-21 14:30;-50;;-54;-104
2018-01-21 14:40;-44;;-57;-101
2018-01-21 14:50;-38;;-60;-98
2018-01-21 15:00;-31;;-61;-92
2018-01-21 15:10;-23;;-62;-85
2018-01-21 15:20;-15;;-61;-76
2018-01-21 15:30;-4;;-62;-66
2018-01-21 15:40;7;;-61;-54
2018-01-21 15:50;20;;-56;-36
2018-01-21 16:00;34;;-49;-15
2018-01-21 16:10;49;;-41;8
2018-01-21 16:20;64;;-38;26
2018-01-21 16:30;79;;-40;39
2018-01-21 16:40;93;;-44;49
2018-01-21 16:50;105;;-48;57
2018-01-21 17:00;115;;-52;63
2018-01-21 17:10;122;;-56;66
2018-01-21 17:20;126;;-58;68
2018-01-21 17:30;128;;-60;68
2018-01-21 17:40;128;;-62;66
2018-01-21 17:50;126;;-63;63
2018-01-21 18:00;123;;-64;59
2018-01-21 18:10;120;;-65;55
2018-01-21 18:20;116;;-65;51
2018-01-21 18:30;112;;-64;48
2018-01-21 18:40;109;;-63;46
2018-01-21 18:50;106;;-62;44
2018-01-21 19:00;102;;-64;38
2018-01-21 19:10;98;;-66;32
2018-01-21 19:20;93;;-67;26
2018-01-21 19:30;88;;-68;20
2018-01-21 19:40;81;;-67;14
2018-01-21 19:50;74;;-66;8
2018-01-21 20:00;66;;-65;1
2018-01-21 20:10;58;;-64;-6
2018-01-21 20:20;50;;-65;-15
2018-01-21 20:30;41;;-63;-22
2018-01-21 20:40;33;;-63;-30
2018-01-21 20:50;26;;-63;-37
2018-01-21 21:00;18;;-62;-44
2018-01-21 21:10;11;;-62;-51
2018-01-21 21:20;4;;-62;-58
2018-01-21 21:30;-3;;-61;-64
2018-01-21 21:40;-9;;-60;-69
2018-01-21 21:50;-15;;-60;-75
2018-01-21 22:00;-21;;-58;-79
2018-01-21 22:10;-25;;-57;-82
2018-01-21 22:20;-28;;-55;-83
2018-01-21 22:30;-31;;-51;-82
2018-01-21 22:40;-32;;-48;-80
2018-01-21 22:50;-32;;-45;-77
2018-01-21 23:00;-32;;-42;-74
2018-01-21 23:10;-31;;-41;-72
2018-01-21 23:20;-31;;-38;-69
2018-01-21 23:30;-30;;-37;-67
2018-01-21 23:40;-31;;-37;-68
2018-01-21 23:50;-31;;-40;-71
2018-01-22 00:00;-33;;-42;-75
2018-01-22 00:10;-35;;-42;-77
2018-01-22 00:20;-37;;-42;-79
2018-01-22 00:30;-39;;-43;-82
2018-01-22 00:40;-41;;-45;-86
2018-01-22 00:50;-43;;-45;-88
2018-01-22 01:00;-45;;-44;-89
2018-01-22 01:10;-46;;-42;-88
2018-01-22 01:20;-47;;-41;-88
2018-01-22 01:30;-47;;-41;-88
2018-01-22 01:40;-46;;-41;-87
2018-01-22 01:50;-44;;-42;-86
2018-01-22 02:00;-42;;-41;-83
2018-01-22 02:10;-40;;-39;-79
2018-01-22 02:20;-36;;-40;-76
2018-01-22 02:30;-32;;-40;-72
2018-01-22 02:40;-28;;-40;-68
2018-01-22 02:50;-24;;-38;-62
2018-01-22 03:00;-19;;-37;-56
2018-01-22 03:10;-14;;-34;-48
2018-01-22 03:20;-9;;-30;-39
2018-01-22 03:30;-3;;-26;-29
2018-01-22 03:40;3;;-22;-19
2018-01-22 03:50;10;;-15;-5
2018-01-22 04:00;19;;-10;9
2018-01-22 04:10;28;;-1;27
2018-01-22 04:20;39;;8;47
2018-01-22 04:30;50;;16;66
2018-01-22 04:40;62;;18;80
2018-01-22 04:50;73;;19;92
2018-01-22 05:00;84;;16;100
2018-01-22 05:10;93;;15;108
2018-01-22 05:20;101;;12;113
2018-01-22 05:30;107;;8;115
2018-01-22 05:40;110;;5;115
2018-01-22 05:50;111;;3;114
2018-01-22 06:00;110;;2;112
2018-01-22 06:10;108;;-1;107
2018-01-22 06:20;105;;-2;103
2018-01-22 06:30;102;;1;103
2018-01-22 06:40;98;;5;103
2018-01-22 06:50;94;;4;98
2018-01-22 07:00;91;;1;92
2018-01-22 07:10;87;;4;91
2018-01-22 07:20;84;;3;87
2018-01-22 07:30;80;;2;82
2018-01-22 07:40;75;;1;76
2018-01-22 07:50;69;;1;70
2018-01-22 08:00;63;;2;65
2018-01-22 08:10;56;;3;59
2018-01-22 08:20;48;;3;51
2018-01-22 08:30;39;;5;44
2018-01-22 08:40;30;;7;37
2018-01-22 08:50;20;;9;29
2018-01-22 09:00;11;;10;21
2018-01-22 09:10;1;;12;13
2018-01-22 09:20;-9;;14;5
2018-01-22 09:30;-18;;15;-3
2018-01-22 09:40;-28;;16;-12
2018-01-22 09:50;-37;;17;-20
2018-01-22 10:00;-46;;20;-26
2018-01-22 10:10;-54;;22;-32
2018-01-22 10:20;-61;;25;-36
2018-01-22 10:30;-67;;27;-40
2018-01-22 10:40;-72;;28;-44
2018-01-22 10:50;-75;;30;-45
2018-01-22 11:00;-76;;31;-45
2018-01-22 11:10;-77;;32;-45
2018-01-22 11:20;-76;;32;-44
2018-01-22 11:30;-74;;31;-43
2018-01-22 11:40;-73;;29;-44
2018-01-22 11:50;-70;;24;-46
2018-01-22 12:00;-69;;20;-49
