Datum/tijd (MET);Astronomisch;Gemeten waterstand;Verwachte opzet;Verwachting RWS
2018-01-21 12:00;-65;-57;8;-57
2018-01-21 12:10;-66;-58;6;-60
2018-01-21 12:20;-67;-61;5;-62
2018-01-21 12:30;-69;-61;6;-63
2018-01-21 12:40;-70;-62;5;-65
2018-01-21 12:50;-71;-63;5;-66
2018-01-21 13:00;-72;-63;5;-67
2018-01-21 13:10;-72;-64;4;-68
2018-01-21 13:20;-72;-62;5;-67
2018-01-21 13:30;-71;-63;4;-67
2018-01-21 13:40;-69;-63;2;-67
2018-01-21 13:50;-67;-61;0;-67
2018-01-21 14:00;-64;-60;-3;-67
2018-01-21 14:10;-60;-61;-6;-66
2018-01-21 14:20;-55;-59;-9;-64
2018-01-21 14:30;-50;-57;-12;-62
2018-01-21 14:40;-44;-55;-15;-59
2018-01-21 14:50;-38;-51;-16;-54
2018-01-21 15:00;-31;-44;-17;-48
2018-01-21 15:10;-23;-38;-19;-42
2018-01-21 15:20;-15;-30;-18;-33
2018-01-21 15:30;-4;-21;-20;-24
2018-01-21 15:40;7;-11;-20;-13
2018-01-21 15:50;20;1;-18;2
2018-01-21 16:00;34;16;-15;19
2018-01-21 16:10;49;33;-11;38
2018-01-21 16:20;64;52;-6;58
2018-01-21 16:30;79;72;-2;77
2018-01-21 16:40;93;89;0;93
2018-01-21 16:50;105;104;1;106
2018-01-21 17:00;115;117;-2;113
2018-01-21 17:10;122;124;-4;118
2018-01-21 17:20;126;126;-6;120
2018-01-21 17:30;128;125;-10;118
2018-01-21 17:40;128;123;-13;115
2018-01-21 17:50;126;119;-15;111
2018-01-21 18:00;123;114;-17;106
2018-01-21 18:10;120;108;-18;102
2018-01-21 18:20;116;102;-16;100
2018-01-21 18:30;112;99;-14;98
2018-01-21 18:40;109;95;-12;97
2018-01-21 18:50;106;90;-12;94
2018-01-21 19:00;102;86;-11;91
2018-01-21 19:10;98;81;-11;87
2018-01-21 19:20;93;75;-12;81
2018-01-21 19:30;88;68;-15;73
2018-01-21 19:40;81;61;-15;66
2018-01-21 19:50;74;54;-15;59
2018-01-21 20:00;66;46;-15;51
2018-01-21 20:10;58;38;-14;44
2018-01-21 20:20;50;31;-14;36
2018-01-21 20:30;41;22;-14;27
2018-01-21 20:40;33;12;-14;19
2018-01-21 20:50;26;4;-17;9
2018-01-21 21:00;18;-5;-18;0
2018-01-21 21:10;11;-14;-20;-9
2018-01-21 21:20;4;-20;-23;-19
2018-01-21 21:30;-3;-30;-25;-28
2018-01-21 21:40;-9;-37;-28;-37
2018-01-21 21:50;-15;-44;-30;-45
2018-01-21 22:00;-21;-50;-31;-52
2018-01-21 22:10;-25;-57;-33;-58
2018-01-21 22:20;-28;-61;-35;-63
2018-01-21 22:30;-31;-63;-36;-67
2018-01-21 22:40;-32;-65;-37;-69
2018-01-21 22:50;-32;-63;-39;-71
2018-01-21 23:00;-32;-62;-39;-71
2018-01-21 23:10;-31;-63;-39;-70
2018-01-21 23:20;-31;-61;-38;-69
2018-01-21 23:30;-30;-61;-38;-68
2018-01-21 23:40;-31;-62;-37;-68
2018-01-21 23:50;-31;-65;-37;-68
2018-01-22 00:00;-33;-66;-37;-70
2018-01-22 00:10;-35;-70;-37;-72
2018-01-22 00:20;-37;-71;-38;-75
2018-01-22 00:30;-39;-72;-32;-71
2018-01-22 00:40;-41;-75;-33;-74
2018-01-22 00:50;-43;-75;-34;-77
2018-01-22 01:00;-45;-77;-33;-78
2018-01-22 01:10;-46;-79;-33;-79
2018-01-22 01:20;-47;-80;-33;-80
2018-01-22 01:30;-47;-82;-33;-80
2018-01-22 01:40;-46;-82;-34;-80
2018-01-22 01:50;-44;-82;-36;-80
2018-01-22 02:00;-42;-83;-38;-80
2018-01-22 02:10;-40;-85;-40;-80
2018-01-22 02:20;-36;-81;-43;-79
2018-01-22 02:30;-32;-78;-45;-77
2018-01-22 02:40;-28;-78;-46;-74
2018-01-22 02:50;-24;-76;-47;-71
2018-01-22 03:00;-19;-69;-46;-65
2018-01-22 03:10;-14;-60;-44;-58
2018-01-22 03:20;-9;-54;-40;-49
2018-01-22 03:30;-3;-46;-37;-40
2018-01-22 03:40;3;-37;-31;-28
2018-01-22 03:50;10;-24;-24;-14
2018-01-22 04:00;19;-11;-17;2
2018-01-22 04:10;28;2;-7;21
2018-01-22 04:20;39;18;1;40
2018-01-22 04:30;50;37;8;58
2018-01-22 04:40;62;57;12;74
2018-01-22 04:50;73;72;14;87
2018-01-22 05:00;84;84;14;98
2018-01-22 05:10;93;96;12;105
2018-01-22 05:20;101;103;7;108
2018-01-22 05:30;107;105;2;109
2018-01-22 05:40;110;105;-2;108
2018-01-22 05:50;111;103;-5;106
2018-01-22 06:00;110;101;-9;101
2018-01-22 06:10;108;96;-12;96
2018-01-22 06:20;105;92;-13;92
2018-01-22 06:30;102;88;-14;88
2018-01-22 06:40;98;83;-15;83
2018-01-22 06:50;94;80;-14;80
2018-01-22 07:00;91;75;-16;75
2018-01-22 07:10;87;71;-16;71
2018-01-22 07:20;84;64;-19;65
2018-01-22 07:30;80;58;-20;60
2018-01-22 07:40;75;50;-21;54
2018-01-22 07:50;69;44;-20;49
2018-01-22 08:00;63;37;-20;43
2018-01-22 08:10;56;30;-20;36
2018-01-22 08:20;48;23;-18;30
2018-01-22 08:30;39;16;-16;23
2018-01-22 08:40;30;9;-15;15
2018-01-22 08:50;20;2;-11;9
2018-01-22 09:00;11;-7;-11;0
2018-01-22 09:10;1;-16;-9;-8
2018-01-22 09:20;-9;-25;-7;-16
2018-01-22 09:30;-18;-32;-7;-25
2018-01-22 09:40;-28;-40;-6;-34
2018-01-22 09:50;-37;-46;-5;-42
2018-01-22 10:00;-46;-53;-1;-47
2018-01-22 10:10;-54;-59;1;-53
2018-01-22 10:20;-61;-64;2;-59
2018-01-22 10:30;-67;-67;4;-63
2018-01-22 10:40;-72;-71;6;-66
2018-01-22 10:50;-75;-72;7;-68
2018-01-22 11:00;-76;-73;7;-69
2018-01-22 11:10;-77;-73;9;-68
2018-01-22 11:20;-76;-70;9;-67
2018-01-22 11:30;-74;-67;10;-64
2018-01-22 11:40;-73;-66;10;-63
2018-01-22 11:50;-70;-65;8;-62
2018-01-22 12:00;-69;-64;7;-62
2018-01-22 12:10;-67;-64;4;-63
2018-01-22 12:20;-66;-66;2;-64
2018-01-22 12:30;-66;-68;0;-66
2018-01-22 12:40;-66;-70;-4;-70
2018-01-22 12:50;-66;-70;-6;-72
2018-01-22 13:00;-67;-72;-7;-74
2018-01-22 13:10;-68;-73;-7;-75
2018-01-22 13:20;-69;-74;-6;-75
2018-01-22 13:30;-70;-75;-5;-75
2018-01-22 13:40;-70;-73;-4;-74
2018-01-22 13:50;-71;-73;-3;-74
2018-01-22 14:00;-70;-71;-2;-72
2018-01-22 14:10;-70;-68;-1;-71
2018-01-22 14:20;-68;-66;0;-68
2018-01-22 14:30;-66;-65;-2;-68
2018-01-22 14:40;-62;-61;-3;-65
2018-01-22 14:50;-59;-57;-1;-60
2018-01-22 15:00;-54;-53;0;-54
2018-01-22 15:10;-49;-46;2;-47
2018-01-22 15:20;-43;-39;5;-38
2018-01-22 15:30;-37;-30;8;-29
2018-01-22 15:40;-30;-19;12;-18
2018-01-22 15:50;-21;-7;16;-5
2018-01-22 16:00;-12;5;22;10
2018-01-22 16:10;-1;21;28;27
2018-01-22 16:20;11;37;35;46
2018-01-22 16:30;24;56;42;66
2018-01-22 16:40;38;76;47;85
2018-01-22 16:50;53;95;51;104
2018-01-22 17:00;68;113;52;120
2018-01-22 17:10;83;130;50;133
2018-01-22 17:20;96;143;48;144
2018-01-22 17:30;107;152;44;151
2018-01-22 17:40;116;159;38;154
2018-01-22 17:50;123;160;32;155
2018-01-22 18:00;126;159;28;154
2018-01-22 18:10;127;155;24;151
2018-01-22 18:20;126;150;21;147
2018-01-22 18:30;124;144;21;145
2018-01-22 18:40;120;139;21;141
2018-01-22 18:50;116;135;22;138
2018-01-22 19:00;112;133;24;136
2018-01-22 19:10;108;131;26;134
2018-01-22 19:20;104;127;28;132
2018-01-22 19:30;100;124;29;129
2018-01-22 19:40;96;120;29;125
2018-01-22 19:50;92;115;29;121
2018-01-22 20:00;87;110;30;117
2018-01-22 20:10;82;104;29;111
2018-01-22 20:20;76;99;29;105
2018-01-22 20:30;69;93;30;99
2018-01-22 20:40;62;87;30;92
2018-01-22 20:50;54;81;32;86
2018-01-22 21:00;46;75;34;80
2018-01-22 21:10;39;68;34;73
2018-01-22 21:20;31;62;35;66
2018-01-22 21:30;23;56;36;59
2018-01-22 21:40;15;48;37;52
2018-01-22 21:50;7;41;36;43
2018-01-22 22:00;0;33;36;36
2018-01-22 22:10;-7;26;36;29
2018-01-22 22:20;-14;20;36;22
2018-01-22 22:30;-20;15;35;15
2018-01-22 22:40;-25;9;35;10
2018-01-22 22:50;-29;4;33;4
2018-01-22 23:00;-32;2;34;2
2018-01-22 23:10;-34;-1;33;-1
2018-01-22 23:20;-34;-3;32;-2
2018-01-22 23:30;-34;-4;32;-2
2018-01-22 23:40;-34;-5;30;-4
2018-01-22 23:50;-33;-6;29;-4
2018-01-23 00:00;-33;-7;33;0
2018-01-23 00:10;-32;-8;29;-3
2018-01-23 00:20;-32;-10;27;-5
2018-01-23 00:30;-33;-12;25;-8
2018-01-23 00:40;-34;-14;22;-12
2018-01-23 00:50;-35;-17;19;-16
2018-01-23 01:00;-37;-17;19;-18
2018-01-23 01:10;-39;-19;19;-20
2018-01-23 01:20;-41;-20;21;-20
2018-01-23 01:30;-42;-20;22;-20
2018-01-23 01:40;-43;-21;23;-20
2018-01-23 01:50;-44;-22;25;-19
2018-01-23 02:00;-45;-21;27;-18
2018-01-23 02:10;-45;-21;27;-18
2018-01-23 02:20;-44;-20;26;-18
2018-01-23 02:30;-43;-20;26;-17
2018-01-23 02:40;-41;-18;24;-17
2018-01-23 02:50;-38;-18;22;-16
2018-01-23 03:00;-35;-17;20;-15
2018-01-23 03:10;-31;-15;16;-15
2018-01-23 03:20;-27;-12;14;-13
2018-01-23 03:30;-22;-10;11;-11
2018-01-23 03:40;-17;-5;10;-7
2018-01-23 03:50;-12;-1;8;-4
2018-01-23 04:00;-6;3;6;0
2018-01-23 04:10;0;8;5;5
2018-01-23 04:20;6;12;4;10
2018-01-23 04:30;14;17;2;16
2018-01-23 04:40;22;24;2;24
2018-01-23 04:50;32;32;1;33
2018-01-23 05:00;42;42;2;44
2018-01-23 05:10;53;54;3;56
2018-01-23 05:20;64;68;6;70
2018-01-23 05:30;75;83;16;91
2018-01-23 05:40;85;96;18;103
2018-01-23 05:50;94;108;19;113
2018-01-23 06:00;101;116;19;120
2018-01-23 06:10;106;124;19;125
2018-01-23 06:20;109;126;17;126
2018-01-23 06:30;110;125;16;126
2018-01-23 06:40;109;124;15;124
2018-01-23 06:50;106;120;15;121
2018-01-23 07:00;103;115;14;117
2018-01-23 07:10;99;110;15;114
2018-01-23 07:20;95;106;18;113
2018-01-23 07:30;91;102;19;110
2018-01-23 07:40;87;97;20;107
2018-01-23 07:50;83;93;20;103
2018-01-23 08:00;78;86;21;99
2018-01-23 08:10;74;81;18;92
2018-01-23 08:20;69;75;16;85
2018-01-23 08:30;63;66;15;78
2018-01-23 08:40;57;58;13;70
2018-01-23 08:50;49;49;12;61
2018-01-23 09:00;42;40;9;51
2018-01-23 09:10;34;32;9;43
2018-01-23 09:20;25;24;7;32
2018-01-23 09:30;16;15;7;23
2018-01-23 09:40;7;5;5;12
2018-01-23 09:50;-3;-5;5;2
2018-01-23 10:00;-12;-13;4;-8
2018-01-23 10:10;-22;-22;4;-18
2018-01-23 10:20;-32;-33;4;-28
2018-01-23 10:30;-41;-43;1;-40
2018-01-23 10:40;-50;-51;2;-48
2018-01-23 10:50;-58;-59;1;-57
2018-01-23 11:00;-65;-66;1;-64
2018-01-23 11:10;-71;-70;0;-71
2018-01-23 11:20;-75;-77;-3;-78
2018-01-23 11:30;-78;-80;-4;-82
2018-01-23 11:40;-80;-84;-6;-86
2018-01-23 11:50;-80;-85;-8;-88
2018-01-23 12:00;-80;-86;-6;-86
2018-01-23 12:10;-79;-88;-9;-88
2018-01-23 12:20;-77;-89;-12;-89
2018-01-23 12:30;-75;-88;-13;-88
2018-01-23 12:40;-73;-85;-12;-85
2018-01-23 12:50;-71;-82;-11;-82
2018-01-23 13:00;-70;-81;-9;-79
2018-01-23 13:10;-69;-80;-11;-80
2018-01-23 13:20;-68;-78;-14;-82
2018-01-23 13:30;-67;-76;-16;-83
2018-01-23 13:40;-67;-77;-15;-82
2018-01-23 13:50;-66;-78;-16;-82
2018-01-23 14:00;-66;-79;-18;-84
2018-01-23 14:10;-66;-81;-19;-85
2018-01-23 14:20;-67;-82;-20;-87
2018-01-23 14:30;-67;-83;-22;-89
2018-01-23 14:40;-66;-84;-23;-89
2018-01-23 14:50;-65;-84;-24;-89
2018-01-23 15:00;-64;-84;-25;-89
2018-01-23 15:10;-62;-84;-28;-90
2018-01-23 15:20;-60;-84;-29;-89
2018-01-23 15:30;-56;-83;-31;-87
2018-01-23 15:40;-52;-81;-32;-84
2018-01-23 15:50;-48;-79;-34;-82
2018-01-23 16:00;-42;-76;-35;-77
2018-01-23 16:10;-36;-70;-35;-71
2018-01-23 16:20;-30;-63;-33;-63
2018-01-23 16:30;-22;-55;-30;-52
2018-01-23 16:40;-13;-41;-29;-42
2018-01-23 16:50;-3;-29;-26;-29
2018-01-23 17:00;9;-14;-21;-12
2018-01-23 17:10;22;4;-17;5
2018-01-23 17:20;36;23;-14;22
2018-01-23 17:30;51;40;-12;39
2018-01-23 17:40;66;59;-11;55
2018-01-23 17:50;80;74;-12;68
2018-01-23 18:00;93;87;-10;83
2018-01-23 18:10;104;96;-15;89
2018-01-23 18:20;113;99;-20;93
2018-01-23 18:30;120;100;-25;95
2018-01-23 18:40;124;100;-30;94
2018-01-23 18:50;125;96;-34;91
2018-01-23 19:00;125;92;-37;88
2018-01-23 19:10;123;85;-38;85
2018-01-23 19:20;120;80;-37;83
2018-01-23 19:30;116;77;-35;81
2018-01-23 19:40;112;74;-32;80
2018-01-23 19:50;107;68;-29;78
2018-01-23 20:00;103;63;-28;75
2018-01-23 20:10;99;60;-27;72
2018-01-23 20:20;94;55;-26;68
2018-01-23 20:30;90;52;-26;64
2018-01-23 20:40;84;48;-26;58
2018-01-23 20:50;79;42;-25;54
2018-01-23 21:00;73;39;-25;48
2018-01-23 21:10;66;34;-22;44
2018-01-23 21:20;60;29;-22;38
2018-01-23 21:30;53;25;-20;33
2018-01-23 21:40;45;20;-18;27
2018-01-23 21:50;38;14;-17;21
2018-01-23 22:00;31;9;-17;14
2018-01-23 22:10;23;4;-16;7
2018-01-23 22:20;15;-4;-15;0
2018-01-23 22:30;7;-10;-14;-7
2018-01-23 22:40;-1;-16;-13;-14
2018-01-23 22:50;-8;-22;-12;-20
2018-01-23 23:00;-15;-26;-10;-25
2018-01-23 23:10;-21;-29;-8;-29
2018-01-23 23:20;-27;-31;-4;-31
2018-01-23 23:30;-31;-32;-2;-33
2018-01-23 23:40;-34;-29;-1;-35
2018-01-23 23:50;-36;-30;0;-36
2018-01-24 00:00;-37;-27;11;-26
2018-01-24 00:10;-38;-24;13;-25
2018-01-24 00:20;-37;-23;13;-24
2018-01-24 00:30;-37;-23;11;-26
2018-01-24 00:40;-37;-25;9;-28
2018-01-24 00:50;-36;-26;6;-30
2018-01-24 01:00;-36;-27;2;-34
2018-01-24 01:10;-37;-30;-1;-38
2018-01-24 01:20;-37;-36;-6;-43
2018-01-24 01:30;-38;-40;-9;-47
2018-01-24 01:40;-39;-42;-12;-51
2018-01-24 01:50;-40;-48;-13;-53
2018-01-24 02:00;-40;-51;-15;-55
2018-01-24 02:10;-41;-53;-15;-56
2018-01-24 02:20;-41;-55;-15;-56
2018-01-24 02:30;-42;-53;-15;-57
2018-01-24 02:40;-42;-52;-14;-56
2018-01-24 02:50;-41;-52;-14;-55
2018-01-24 03:00;-41;-52;-12;-53
2018-01-24 03:10;-40;-51;-12;-52
2018-01-24 03:20;-38;-46;-12;-50
2018-01-24 03:30;-36;-45;-11;-47
2018-01-24 03:40;-33;-42;-11;-44
2018-01-24 03:50;-29;-41;-11;-40
2018-01-24 04:00;-25;-36;-9;-34
2018-01-24 04:10;-21;-30;-7;-28
2018-01-24 04:20;-17;-24;-5;-22
2018-01-24 04:30;-12;-18;-2;-14
2018-01-24 04:40;-6;-11;0;-6
2018-01-24 04:50;-1;-1;3;2
2018-01-24 05:00;6;9;5;11
2018-01-24 05:10;13;20;7;20
2018-01-24 05:20;21;30;11;32
2018-01-24 05:30;30;41;15;45
2018-01-24 05:40;39;54;20;59
2018-01-24 05:50;50;67;23;73
2018-01-24 06:00;60;79;29;89
2018-01-24 06:10;71;91;29;100
2018-01-24 06:20;80;102;29;109
2018-01-24 06:30;89;111;27;116
2018-01-24 06:40;96;117;23;119
2018-01-24 06:50;102;120;18;120
2018-01-24 07:00;105;120;14;119
2018-01-24 07:10;107;119;11;118
2018-01-24 07:20;107;114;8;115
2018-01-24 07:30;106;108;6;112
2018-01-24 07:40;103;103;6;109
2018-01-24 07:50;100;96;8;108
2018-01-24 08:00;96;92;8;104
2018-01-24 08:10;92;86;9;101
2018-01-24 08:20;88;82;9;97
2018-01-24 08:30;83;79;11;94
2018-01-24 08:40;78;75;12;90
2018-01-24 08:50;73;70;12;85
2018-01-24 09:00;68;65;11;79
2018-01-24 09:10;61;59;12;73
2018-01-24 09:20;55;52;11;66
2018-01-24 09:30;48;45;10;58
2018-01-24 09:40;41;37;9;50
2018-01-24 09:50;33;28;9;42
2018-01-24 10:00;25;21;8;33
2018-01-24 10:10;17;12;7;24
2018-01-24 10:20;8;1;5;13
2018-01-24 10:30;-1;-7;4;3
2018-01-24 10:40;-10;-15;4;-6
2018-01-24 10:50;-20;-24;4;-16
2018-01-24 11:00;-29;-31;4;-25
2018-01-24 11:10;-39;-39;5;-34
2018-01-24 11:20;-48;-45;5;-43
2018-01-24 11:30;-56;-51;6;-50
2018-01-24 11:40;-63;-55;7;-56
2018-01-24 11:50;-69;-60;7;-62
2018-01-24 12:00;-74;-65;12;-62
2018-01-24 12:10;-78;-67;13;-65
2018-01-24 12:20;-80;-69;15;-65
2018-01-24 12:30;-82;-72;16;-66
2018-01-24 12:40;-82;-72;15;-67
2018-01-24 12:50;-82;-73;13;-69
2018-01-24 13:00;-81;-73;11;-70
2018-01-24 13:10;-79;-73;9;-70
2018-01-24 13:20;-78;-74;7;-71
2018-01-24 13:30;-76;-75;5;-71
2018-01-24 13:40;-75;-74;3;-72
2018-01-24 13:50;-73;-74;-1;-74
2018-01-24 14:00;-71;-75;-6;-77
2018-01-24 14:10;-69;-73;-9;-78
2018-01-24 14:20;-68;-73;-11;-79
2018-01-24 14:30;-66;-74;-14;-80
2018-01-24 14:40;-65;-75;-17;-82
2018-01-24 14:50;-64;-76;-20;-84
2018-01-24 15:00;-63;-74;-23;-86
2018-01-24 15:10;-62;-73;-25;-87
2018-01-24 15:20;-61;-72;-27;-88
2018-01-24 15:30;-60;-74;-29;-89
2018-01-24 15:40;-59;-71;-30;-89
2018-01-24 15:50;-58;-66;-29;-87
2018-01-24 16:00;-56;-65;-27;-83
2018-01-24 16:10;-53;-61;-25;-78
2018-01-24 16:20;-50;-59;-20;-70
2018-01-24 16:30;-47;-51;-12;-59
2018-01-24 16:40;-43;-41;-3;-46
2018-01-24 16:50;-38;-33;7;-31
2018-01-24 17:00;-32;-23;17;-15
2018-01-24 17:10;-26;-11;28;2
2018-01-24 17:20;-18;4;37;19
2018-01-24 17:30;-9;16;51;42
2018-01-24 17:40;1;32;54;55
2018-01-24 17:50;13;45;54;67
2018-01-24 18:00;26;60;51;77
2018-01-24 18:10;39;75;46;85
2018-01-24 18:20;53;87;40;93
2018-01-24 18:30;67;98;36;103
2018-01-24 18:40;80;107;30;110
2018-01-24 18:50;91;112;23;114
2018-01-24 19:00;101;118;14;115
2018-01-24 19:10;109;118;7;116
2018-01-24 19:20;115;114;-1;114
2018-01-24 19:30;118;110;-7;111
2018-01-24 19:40;120;107;-10;110
2018-01-24 19:50;120;100;-13;107
2018-01-24 20:00;119;94;-17;102
2018-01-24 20:10;117;91;-20;97
2018-01-24 20:20;114;88;-21;93
2018-01-24 20:30;111;86;-21;90
2018-01-24 20:40;107;83;-20;87
2018-01-24 20:50;102;80;-18;84
2018-01-24 21:00;98;77;-18;80
2018-01-24 21:10;92;73;-15;77
2018-01-24 21:20;87;68;-13;74
2018-01-24 21:30;81;62;-10;71
2018-01-24 21:40;75;59;-9;66
2018-01-24 21:50;68;53;-7;61
2018-01-24 22:00;62;46;-6;56
2018-01-24 22:10;55;43;-3;52
2018-01-24 22:20;49;39;0;49
2018-01-24 22:30;42;32;2;44
2018-01-24 22:40;35;30;2;37
2018-01-24 22:50;28;24;2;30
2018-01-24 23:00;20;19;5;25
2018-01-24 23:10;13;12;6;19
2018-01-24 23:20;5;4;8;13
2018-01-24 23:30;-3;-2;11;8
2018-01-24 23:40;-10;-8;11;1
2018-01-24 23:50;-17;-14;12;-5
2018-01-25 00:00;-23;-19;13;-10
2018-01-25 00:10;-28;-21;14;-14
2018-01-25 00:20;-32;-24;15;-17
2018-01-25 00:30;-35;-27;16;-19
2018-01-25 00:40;-37;-30;16;-21
2018-01-25 00:50;-38;-33;15;-23
2018-01-25 01:00;-39;-34;15;-24
2018-01-25 01:10;-39;-34;13;-26
2018-01-25 01:20;-40;-36;11;-29
2018-01-25 01:30;-40;-36;8;-32
2018-01-25 01:40;-40;-35;7;-33
2018-01-25 01:50;-41;-35;7;-34
2018-01-25 02:00;-41;-37;4;-37
2018-01-25 02:10;-42;-36;0;-42
2018-01-25 02:20;-42;-39;-3;-45
2018-01-25 02:30;-42;-41;-3;-45
2018-01-25 02:40;-41;-42;-4;-45
2018-01-25 02:50;-41;-41;-3;-44
2018-01-25 03:00;-40;-45;-4;-44
2018-01-25 03:10;-40;-45;-4;-44
2018-01-25 03:20;-39;-46;-5;-44
2018-01-25 03:30;-39;-46;-4;-43
2018-01-25 03:40;-38;-43;-3;-41
2018-01-25 03:50;-37;-42;-3;-40
2018-01-25 04:00;-35;-40;-3;-38
2018-01-25 04:10;-34;;0;-34
2018-01-25 04:20;-32;;3;-29
2018-01-25 04:30;-29;-25;5;-24
2018-01-25 04:40;-26;-21;8;-18
2018-01-25 04:50;-23;-14;11;-12
2018-01-25 05:00;-19;-9;15;-4
2018-01-25 05:10;-15;-3;19;4
2018-01-25 05:20;-10;4;24;14
2018-01-25 05:30;-5;11;29;24
2018-01-25 05:40;0;22;36;36
2018-01-25 05:50;6;33;42;48
2018-01-25 06:00;13;46;48;61
2018-01-25 06:10;20;58;54;74
2018-01-25 06:20;29;75;59;88
2018-01-25 06:30;38;90;66;104
2018-01-25 06:40;47;104;68;115
2018-01-25 06:50;57;118;70;127
2018-01-25 07:00;67;129;68;135
2018-01-25 07:10;76;137;66;142
2018-01-25 07:20;83;144;64;147
2018-01-25 07:30;90;147;59;149
2018-01-25 07:40;95;148;55;150
2018-01-25 07:50;99;149;52;151
2018-01-25 08:00;102;147;48;150
2018-01-25 08:10;103;145;44;147
2018-01-25 08:20;103;141;41;144
2018-01-25 08:30;101;136;41;142
2018-01-25 08:40;99;133;41;140
2018-01-25 08:50;97;129;41;138
2018-01-25 09:00;93;125;41;134
2018-01-25 09:10;89;121;41;130
2018-01-25 09:20;84;116;41;125
2018-01-25 09:30;79;112;44;123
2018-01-25 09:40;73;109;45;118
2018-01-25 09:50;67;104;46;113
2018-01-25 10:00;60;99;47;107
2018-01-25 10:10;53;93;48;101
2018-01-25 10:20;46;87;49;95
2018-01-25 10:30;39;79;49;88
2018-01-25 10:40;32;71;49;81
2018-01-25 10:50;24;62;50;74
2018-01-25 11:00;16;54;50;66
2018-01-25 11:10;8;45;49;57
2018-01-25 11:20;0;37;48;48
2018-01-25 11:30;-9;27;42;33
2018-01-25 11:40;-18;20;43;25
2018-01-25 11:50;-27;11;45;18
2018-01-25 12:00;-36;5;48;12
2018-01-25 12:10;-44;-1;49;5
2018-01-25 12:20;-52;-7;50;-2
2018-01-25 12:30;-59;-13;50;-9
2018-01-25 12:40;-65;-18;50;-15
2018-01-25 12:50;-69;-23;47;-22
2018-01-25 13:00;-73;-29;45;-28
2018-01-25 13:10;-76;-34;43;-33
2018-01-25 13:20;-78;-39;42;-36
2018-01-25 13:30;-79;-42;40;-39
2018-01-25 13:40;-80;-45;39;-41
2018-01-25 13:50;-80;-47;37;-43
2018-01-25 14:00;-79;-46;35;-44
2018-01-25 14:10;-79;-47;35;-44
2018-01-25 14:20;-77;-47;32;-45
2018-01-25 14:30;-76;-45;33;-43
2018-01-25 14:40;-74;-45;31;-43
2018-01-25 14:50;-72;-45;30;-42
2018-01-25 15:00;-69;-44;26;-43
2018-01-25 15:10;-67;-43;24;-43
2018-01-25 15:20;-65;-44;23;-42
2018-01-25 15:30;-63;-44;20;-43
2018-01-25 15:40;-61;-43;17;-44
2018-01-25 15:50;-59;-45;14;-45
2018-01-25 16:00;-58;-44;12;-46
2018-01-25 16:10;-57;-44;11;-46
2018-01-25 16:20;-56;-44;9;-47
2018-01-25 16:30;-55;-43;6;-49
2018-01-25 16:40;-53;-42;5;-48
2018-01-25 16:50;-52;-42;5;-47
2018-01-25 17:00;-50;-39;6;-44
2018-01-25 17:10;-48;-37;7;-41
2018-01-25 17:20;-45;-34;8;-37
2018-01-25 17:30;-42;-29;13;-29
2018-01-25 17:40;-38;-25;17;-21
2018-01-25 17:50;-33;-18;19;-14
2018-01-25 18:00;-28;-9;23;-5
2018-01-25 18:10;-21;0;26;5
2018-01-25 18:20;-13;10;29;16
2018-01-25 18:30;-3;21;32;29
2018-01-25 18:40;7;34;36;43
2018-01-25 18:50;19;48;38;57
2018-01-25 19:00;31;62;39;70
2018-01-25 19:10;43;76;40;83
2018-01-25 19:20;56;89;39;95
2018-01-25 19:30;67;101;37;104
2018-01-25 19:40;78;110;33;111
2018-01-25 19:50;88;116;28;116
2018-01-25 20:00;96;120;22;118
2018-01-25 20:10;102;122;17;119
2018-01-25 20:20;107;121;11;118
2018-01-25 20:30;111;120;6;117
2018-01-25 20:40;113;118;3;116
2018-01-25 20:50;114;116;3;117
2018-01-25 21:00;114;114;4;118
2018-01-25 21:10;113;112;2;115
2018-01-25 21:20;111;109;1;112
2018-01-25 21:30;108;106;4;112
2018-01-25 21:40;104;103;6;110
2018-01-25 21:50;100;98;5;105
2018-01-25 22:00;94;94;6;100
2018-01-25 22:10;88;89;8;96
2018-01-25 22:20;82;85;10;92
2018-01-25 22:30;76;81;12;88
2018-01-25 22:40;70;75;12;82
2018-01-25 22:50;64;71;12;76
2018-01-25 23:00;58;65;12;70
2018-01-25 23:10;52;59;12;64
2018-01-25 23:20;46;53;12;58
2018-01-25 23:30;39;46;12;51
2018-01-25 23:40;32;41;11;43
2018-01-25 23:50;25;34;12;37
2018-01-26 00:00;18;28;12;30
2018-01-26 00:10;10;21;13;23
2018-01-26 00:20;3;16;13;16
2018-01-26 00:30;-4;;14;10
2018-01-26 00:40;-11;6;16;5
2018-01-26 00:50;-17;0;17;0
2018-01-26 01:00;-22;-4;17;-5
2018-01-26 01:10;-26;-7;17;-9
2018-01-26 01:20;-30;-11;17;-13
2018-01-26 01:30;-32;-14;16;-16
2018-01-26 01:40;-35;-16;17;-18
2018-01-26 01:50;-36;-17;17;-19
2018-01-26 02:00;-38;-17;18;-20
2018-01-26 02:10;-40;-18;19;-21
2018-01-26 02:20;-41;-18;19;-22
2018-01-26 02:30;-42;-17;20;-22
2018-01-26 02:40;-43;-17;20;-23
2018-01-26 02:50;-44;-17;19;-25
2018-01-26 03:00;-44;-19;18;-26
2018-01-26 03:10;-44;-20;17;-27
2018-01-26 03:20;-43;-21;16;-27
2018-01-26 03:30;-42;-21;14;-28
2018-01-26 03:40;-41;-22;13;-28
2018-01-26 03:50;-40;-23;10;-30
2018-01-26 04:00;-39;-23;10;-29
2018-01-26 04:10;-38;-22;9;-29
2018-01-26 04:20;-37;-22;8;-29
2018-01-26 04:30;-36;-23;6;-30
2018-01-26 04:40;-35;-23;5;-30
2018-01-26 04:50;-34;-22;5;-29
2018-01-26 05:00;-32;-21;5;-27
2018-01-26 05:10;-31;-20;5;-26
2018-01-26 05:20;-29;-18;5;-24
2018-01-26 05:30;-26;-16;4;-22
2018-01-26 05:40;-24;-12;6;-18
2018-01-26 05:50;-21;-9;6;-15
2018-01-26 06:00;-18;-5;14;-4
2018-01-26 06:10;-14;0;14;0
2018-01-26 06:20;-10;4;15;5
2018-01-26 06:30;-6;10;16;10
2018-01-26 06:40;-1;16;17;16
2018-01-26 06:50;5;22;17;22
2018-01-26 07:00;11;28;18;29
2018-01-26 07:10;18;35;20;38
2018-01-26 07:20;26;45;21;47
2018-01-26 07:30;35;54;22;57
2018-01-26 07:40;44;64;23;67
2018-01-26 07:50;53;72;23;76
2018-01-26 08:00;61;83;24;85
2018-01-26 08:10;69;91;24;93
2018-01-26 08:20;76;96;21;97
2018-01-26 08:30;83;100;18;101
2018-01-26 08:40;88;104;16;104
2018-01-26 08:50;92;104;14;106
2018-01-26 09:00;96;105;11;107
2018-01-26 09:10;98;103;8;106
2018-01-26 09:20;99;101;6;105
2018-01-26 09:30;99;100;6;105
2018-01-26 09:40;98;97;5;103
2018-01-26 09:50;96;94;4;100
2018-01-26 10:00;93;91;4;97
2018-01-26 10:10;89;86;4;93
2018-01-26 10:20;84;82;5;89
2018-01-26 10:30;79;78;6;85
2018-01-26 10:40;73;72;7;80
2018-01-26 10:50;66;67;8;74
2018-01-26 11:00;60;62;8;68
2018-01-26 11:10;53;55;8;61
2018-01-26 11:20;46;49;9;55
2018-01-26 11:30;39;42;4;43
2018-01-26 11:40;33;34;2;35
2018-01-26 11:50;26;26;2;28
2018-01-26 12:00;19;19;0;19
2018-01-26 12:10;11;10;0;11
2018-01-26 12:20;3;3;0;3
2018-01-26 12:30;-5;-5;0;-5
2018-01-26 12:40;-13;-14;0;-13
2018-01-26 12:50;-21;-21;0;-21
2018-01-26 13:00;-29;-27;2;-27
2018-01-26 13:10;-37;-33;2;-35
2018-01-26 13:20;-44;-40;2;-42
2018-01-26 13:30;-50;-45;1;-49
2018-01-26 13:40;-56;-51;1;-55
2018-01-26 13:50;-60;-56;0;-60
2018-01-26 14:00;-64;-61;0;-64
2018-01-26 14:10;-68;-66;0;-68
2018-01-26 14:20;-70;-68;-1;-71
2018-01-26 14:30;-72;-71;-1;-73
2018-01-26 14:40;-74;-71;0;-74
2018-01-26 14:50;-75;-72;0;-75
2018-01-26 15:00;-75;-71;-1;-76
2018-01-26 15:10;-74;-70;-2;-76
2018-01-26 15:20;-73;-69;-1;-74
2018-01-26 15:30;-72;-67;0;-72
2018-01-26 15:40;-70;-65;0;-70
2018-01-26 15:50;-68;-62;-1;-69
2018-01-26 16:00;-65;-61;-3;-68
2018-01-26 16:10;-63;-60;-4;-67
2018-01-26 16:20;-61;-59;-6;-67
2018-01-26 16:30;-59;-57;-8;-67
2018-01-26 16:40;-57;-58;-10;-67
2018-01-26 16:50;-55;-57;-12;-67
2018-01-26 17:00;-54;-57;-13;-67
2018-01-26 17:10;-53;-59;-15;-68
2018-01-26 17:20;-53;-58;-15;-68
2018-01-26 17:30;-52;-58;-12;-64
2018-01-26 17:40;-51;-57;-11;-62
2018-01-26 17:50;-50;-56;-11;-61
2018-01-26 18:00;-49;-55;-10;-59
2018-01-26 18:10;-47;-54;-9;-56
2018-01-26 18:20;-45;-50;-6;-51
2018-01-26 18:30;-42;-45;-4;-46
2018-01-26 18:40;-39;-41;-2;-41
2018-01-26 18:50;-34;-37;-3;-37
2018-01-26 19:00;-29;-29;-1;-30
2018-01-26 19:10;-23;-20;0;-23
2018-01-26 19:20;-15;-13;1;-14
2018-01-26 19:30;-6;-5;1;-5
2018-01-26 19:40;3;6;3;6
2018-01-26 19:50;13;17;5;18
2018-01-26 20:00;24;28;8;32
2018-01-26 20:10;35;39;10;45
2018-01-26 20:20;46;52;12;58
2018-01-26 20:30;56;65;15;71
2018-01-26 20:40;66;77;15;81
2018-01-26 20:50;75;87;14;89
2018-01-26 21:00;84;93;12;96
2018-01-26 21:10;91;99;10;101
2018-01-26 21:20;97;103;7;104
2018-01-26 21:30;102;104;2;104
2018-01-26 21:40;106;104;-2;104
2018-01-26 21:50;109;100;-7;102
2018-01-26 22:00;110;98;-11;99
2018-01-26 22:10;110;96;-13;97
2018-01-26 22:20;109;93;-12;97
2018-01-26 22:30;107;90;-13;94
2018-01-26 22:40;103;87;-13;90
2018-01-26 22:50;99;84;-11;88
2018-01-26 23:00;94;82;-8;86
2018-01-26 23:10;88;78;-5;83
2018-01-26 23:20;83;74;-5;78
2018-01-26 23:30;77;68;-3;74
2018-01-26 23:40;72;62;-3;69
2018-01-26 23:50;66;56;-3;63
2018-01-27 00:00;61;50;-8;53
2018-01-27 00:10;55;43;-9;46
2018-01-27 00:20;50;37;-10;40
2018-01-27 00:30;44;32;-9;35
2018-01-27 00:40;37;26;-9;28
2018-01-27 00:50;31;19;-10;21
2018-01-27 01:00;24;12;-11;13
2018-01-27 01:10;17;3;-12;5
2018-01-27 01:20;10;-3;-13;-3
2018-01-27 01:30;3;-10;-15;-12
2018-01-27 01:40;-3;-17;-18;-21
2018-01-27 01:50;-9;-25;-19;-28
2018-01-27 02:00;-14;-31;-21;-35
2018-01-27 02:10;-18;-38;-24;-42
2018-01-27 02:20;-22;-45;-26;-48
2018-01-27 02:30;-26;-51;-28;-54
2018-01-27 02:40;-30;-55;-27;-57
2018-01-27 02:50;-33;-59;-27;-60
2018-01-27 03:00;-36;-61;-26;-62
2018-01-27 03:10;-39;-61;-24;-63
2018-01-27 03:20;-41;-62;-23;-64
2018-01-27 03:30;-43;-61;-22;-65
2018-01-27 03:40;-44;-61;-21;-65
2018-01-27 03:50;-45;-60;-21;-66
2018-01-27 04:00;-45;-59;-21;-66
2018-01-27 04:10;-44;-59;-21;-65
2018-01-27 04:20;-44;-60;-21;-65
2018-01-27 04:30;-42;;-22;-64
2018-01-27 04:40;-41;-59;-24;-65
2018-01-27 04:50;-40;-60;-26;-66
2018-01-27 05:00;-39;-62;-27;-66
2018-01-27 05:10;-38;-61;-29;-67
2018-01-27 05:20;-37;-60;-31;-68
2018-01-27 05:30;-36;-60;-33;-69
2018-01-27 05:40;-35;-60;-34;-69
2018-01-27 05:50;-35;-61;-34;-69
2018-01-27 06:00;-34;-61;-35;-69
2018-01-27 06:10;-32;-60;-37;-69
2018-01-27 06:20;-31;-59;-37;-68
2018-01-27 06:30;-29;-59;-36;-65
2018-01-27 06:40;-28;-57;-36;-64
2018-01-27 06:50;-26;-55;-36;-62
2018-01-27 07:00;-23;-52;-30;-53
2018-01-27 07:10;-21;-49;-29;-50
2018-01-27 07:20;-18;-46;-29;-47
2018-01-27 07:30;-14;-41;-29;-43
2018-01-27 07:40;-10;-38;-29;-39
2018-01-27 07:50;-5;-33;-29;-34
2018-01-27 08:00;1;-27;-29;-28
2018-01-27 08:10;8;-21;-30;-22
2018-01-27 08:20;15;-13;-28;-13
2018-01-27 08:30;24;-5;-28;-4
2018-01-27 08:40;32;4;-26;6
2018-01-27 08:50;41;14;-24;17
2018-01-27 09:00;49;26;-21;28
2018-01-27 09:10;58;36;-19;39
2018-01-27 09:20;66;45;-19;47
2018-01-27 09:30;73;54;-19;54
2018-01-27 09:40;80;60;-20;60
2018-01-27 09:50;86;64;-23;63
2018-01-27 10:00;91;67;-25;66
2018-01-27 10:10;95;66;-28;67
2018-01-27 10:20;98;66;-30;68
2018-01-27 10:30;100;65;-34;66
2018-01-27 10:40;100;62;-36;64
2018-01-27 10:50;99;60;-37;62
2018-01-27 11:00;97;58;-36;61
2018-01-27 11:10;93;54;-34;59
2018-01-27 11:20;89;52;-33;56
2018-01-27 11:30;84;48;-31;53
2018-01-27 11:40;78;42;-28;50
2018-01-27 11:50;72;37;-27;45
2018-01-27 12:00;66;32;-31;35
2018-01-27 12:10;60;25;-31;29
2018-01-27 12:20;54;20;-31;23
2018-01-27 12:30;49;12;-31;18
2018-01-27 12:40;43;5;-32;11
2018-01-27 12:50;37;0;-33;4
2018-01-27 13:00;31;-6;-34;-3
2018-01-27 13:10;24;-14;-35;-11
2018-01-27 13:20;17;-20;-36;-19
2018-01-27 13:30;10;-28;-37;-27
2018-01-27 13:40;2;-36;-38;-36
2018-01-27 13:50;-6;-43;-38;-44
2018-01-27 14:00;-14;-52;-39;-53
2018-01-27 14:10;-21;-61;-40;-61
2018-01-27 14:20;-29;-69;-39;-68
2018-01-27 14:30;-35;-74;-40;-75
2018-01-27 14:40;-41;-82;-42;-83
2018-01-27 14:50;-47;-87;-42;-89
2018-01-27 15:00;-52;-92;-43;-95
2018-01-27 15:10;-56;-96;-44;-100
2018-01-27 15:20;-60;-97;-45;-105
2018-01-27 15:30;-63;-100;-46;-109
2018-01-27 15:40;-65;-102;-47;-112
2018-01-27 15:50;-67;-104;-47;-114
2018-01-27 16:00;-68;;-47;-115
2018-01-27 16:10;-68;;-48;-116
2018-01-27 16:20;-68;;-49;-117
2018-01-27 16:30;-67;;-49;-116
2018-01-27 16:40;-65;;-51;-116
2018-01-27 16:50;-63;;-52;-115
2018-01-27 17:00;-61;;-54;-115
2018-01-27 17:10;-59;;-56;-115
2018-01-27 17:20;-58;;-57;-115
2018-01-27 17:30;-56;;-59;-115
2018-01-27 17:40;-55;;-60;-115
2018-01-27 17:50;-54;;-62;-116
2018-01-27 18:00;-53;;-63;-116
2018-01-27 18:10;-53;;-63;-116
2018-01-27 18:20;-53;;-64;-117
2018-01-27 18:30;-52;;-66;-118
2018-01-27 18:40;-52;;-67;-119
2018-01-27 18:50;-52;;-67;-119
2018-01-27 19:00;-51;;-67;-118
2018-01-27 19:10;-50;;-67;-117
2018-01-27 19:20;-49;;-66;-115
2018-01-27 19:30;-46;;-66;-112
2018-01-27 19:40;-44;;-63;-107
2018-01-27 19:50;-40;;-61;-101
2018-01-27 20:00;-36;;-59;-95
2018-01-27 20:10;-30;;-58;-88
2018-01-27 20:20;-24;;-54;-78
2018-01-27 20:30;-16;;-51;-67
2018-01-27 20:40;-8;;-47;-55
2018-01-27 20:50;1;;-42;-41
2018-01-27 21:00;11;;-37;-26
2018-01-27 21:10;21;;-32;-11
2018-01-27 21:20;31;;-26;5
2018-01-27 21:30;41;;-22;19
2018-01-27 21:40;51;;-21;30
2018-01-27 21:50;61;;-19;42
2018-01-27 22:00;70;;-18;52
2018-01-27 22:10;79;;-20;59
2018-01-27 22:20;87;;-23;64
2018-01-27 22:30;94;;-26;68
2018-01-27 22:40;100;;-29;71
2018-01-27 22:50;104;;-32;72
2018-01-27 23:00;107;;-36;71
2018-01-27 23:10;109;;-40;69
2018-01-27 23:20;109;;-42;67
2018-01-27 23:30;107;;-41;66
2018-01-27 23:40;105;;-39;66
2018-01-27 23:50;101;;-37;64
2018-01-28 00:00;97;;-36;61
2018-01-28 00:10;92;;-33;59
2018-01-28 00:20;87;;-29;58
2018-01-28 00:30;83;;-28;55
2018-01-28 00:40;78;;-25;53
2018-01-28 00:50;73;;-23;50
2018-01-28 01:00;69;;-22;47
2018-01-28 01:10;64;;-20;44
2018-01-28 01:20;59;;-17;42
2018-01-28 01:30;54;;-14;40
2018-01-28 01:40;48;;-10;38
2018-01-28 01:50;41;;-6;35
2018-01-28 02:00;35;;-2;33
2018-01-28 02:10;28;;3;31
2018-01-28 02:20;21;;7;28
2018-01-28 02:30;14;;11;25
2018-01-28 02:40;8;;14;22
2018-01-28 02:50;1;;18;19
2018-01-28 03:00;-5;;22;17
2018-01-28 03:10;-10;;26;16
2018-01-28 03:20;-16;;31;15
2018-01-28 03:30;-21;;35;14
2018-01-28 03:40;-26;;39;13
2018-01-28 03:50;-30;;43;13
2018-01-28 04:00;-35;;47;12
2018-01-28 04:10;-38;;47;9
2018-01-28 04:20;-42;;49;7
2018-01-28 04:30;-44;;49;5
2018-01-28 04:40;-46;;48;2
2018-01-28 04:50;-47;;45;-2
2018-01-28 05:00;-47;;42;-5
2018-01-28 05:10;-46;;37;-9
2018-01-28 05:20;-45;;33;-12
2018-01-28 05:30;-44;;30;-14
2018-01-28 05:40;-43;;27;-16
2018-01-28 05:50;-42;;25;-17
2018-01-28 06:00;-41;;24;-17
2018-01-28 06:10;-40;;24;-16
2018-01-28 06:20;-40;;25;-15
2018-01-28 06:30;-39;;26;-13
2018-01-28 06:40;-39;;28;-11
2018-01-28 06:50;-38;;30;-8
2018-01-28 07:00;-38;;33;-5
2018-01-28 07:10;-38;;36;-2
2018-01-28 07:20;-37;;38;1
2018-01-28 07:30;-36;;41;5
2018-01-28 07:40;-36;;46;10
2018-01-28 07:50;-35;;49;14
2018-01-28 08:00;-33;;52;19
2018-01-28 08:10;-32;;57;25
2018-01-28 08:20;-29;;59;30
2018-01-28 08:30;-26;;61;35
2018-01-28 08:40;-23;;63;40
2018-01-28 08:50;-18;;63;45
2018-01-28 09:00;-12;;63;51
2018-01-28 09:10;-5;;62;57
2018-01-28 09:20;2;;61;63
2018-01-28 09:30;11;;59;70
2018-01-28 09:40;19;;60;79
2018-01-28 09:50;28;;59;87
2018-01-28 10:00;37;;60;97
2018-01-28 10:10;47;;60;107
2018-01-28 10:20;56;;61;117
2018-01-28 10:30;65;;62;127
2018-01-28 10:40;73;;62;135
2018-01-28 10:50;81;;60;141
2018-01-28 11:00;89;;58;147
2018-01-28 11:10;95;;57;152
2018-01-28 11:20;100;;54;154
2018-01-28 11:30;104;;51;155
2018-01-28 11:40;106;;49;155
2018-01-28 11:50;106;;48;154
2018-01-28 12:00;105;;47;152
2018-01-28 12:10;102;;48;150
2018-01-28 12:20;98;;49;147
2018-01-28 12:30;93;;51;144
2018-01-28 12:40;88;;53;141
2018-01-28 12:50;83;;54;137
2018-01-28 13:00;78;;56;134
2018-01-28 13:10;73;;57;130
2018-01-28 13:20;68;;58;126
2018-01-28 13:30;64;;57;121
2018-01-28 13:40;59;;57;116
2018-01-28 13:50;54;;57;111
2018-01-28 14:00;49;;56;105
2018-01-28 14:10;43;;55;98
2018-01-28 14:20;36;;55;91
2018-01-28 14:30;28;;55;83
2018-01-28 14:40;20;;54;74
2018-01-28 14:50;12;;54;66
2018-01-28 15:00;3;;54;57
2018-01-28 15:10;-5;;54;49
2018-01-28 15:20;-13;;53;40
2018-01-28 15:30;-20;;52;32
2018-01-28 15:40;-27;;50;23
2018-01-28 15:50;-33;;48;15
2018-01-28 16:00;-39;;45;6
2018-01-28 16:10;-45;;42;-3
2018-01-28 16:20;-49;;39;-10
2018-01-28 16:30;-54;;37;-17
2018-01-28 16:40;-57;;34;-23
2018-01-28 16:50;-60;;32;-28
2018-01-28 17:00;-62;;30;-32
2018-01-28 17:10;-63;;29;-34
2018-01-28 17:20;-63;;27;-36
2018-01-28 17:30;-62;;26;-36
2018-01-28 17:40;-61;;27;-34
2018-01-28 17:50;-60;;27;-33
2018-01-28 18:00;-58;;25;-33
2018-01-28 18:10;-56;;24;-32
2018-01-28 18:20;-55;;23;-32
2018-01-28 18:30;-54;;22;-32
2018-01-28 18:40;-54;;21;-33
2018-01-28 18:50;-53;;19;-34
2018-01-28 19:00;-54;;19;-35
2018-01-28 19:10;-54;;17;-37
2018-01-28 19:20;-54;;15;-39
2018-01-28 19:30;-55;;16;-39
2018-01-28 19:40;-55;;15;-40
2018-01-28 19:50;-55;;15;-40
2018-01-28 20:00;-55;;14;-41
2018-01-28 20:10;-54;;12;-42
2018-01-28 20:20;-53;;11;-42
2018-01-28 20:30;-52;;11;-41
2018-01-28 20:40;-50;;10;-40
2018-01-28 20:50;-47;;9;-38
2018-01-28 21:00;-43;;6;-37
2018-01-28 21:10;-39;;5;-34
2018-01-28 21:20;-33;;2;-31
2018-01-28 21:30;-27;;1;-26
2018-01-28 21:40;-19;;-2;-21
2018-01-28 21:50;-11;;-3;-14
2018-01-28 22:00;-2;;-5;-7
2018-01-28 22:10;7;;-6;1
2018-01-28 22:20;17;;-7;10
2018-01-28 22:30;27;;-6;21
2018-01-28 22:40;38;;-5;33
2018-01-28 22:50;48;;-3;45
2018-01-28 23:00;59;;-1;58
2018-01-28 23:10;69;;1;70
2018-01-28 23:20;79;;1;80
2018-01-28 23:30;88;;1;89
2018-01-28 23:40;96;;0;96
2018-01-28 23:50;102;;-1;101
2018-01-29 00:00;107;;-2;105
2018-01-29 00:10;110;;-3;107
2018-01-29 00:20;112;;-6;106
2018-01-29 00:30;111;;-6;105
2018-01-29 00:40;109;;-5;104
2018-01-29 00:50;106;;-4;102
2018-01-29 01:00;102;;-1;101
2018-01-29 01:10;98;;1;99
2018-01-29 01:20;94;;0;94
2018-01-29 01:30;90;;-1;89
2018-01-29 01:40;86;;1;87
2018-01-29 01:50;82;;3;85
2018-01-29 02:00;78;;2;80
2018-01-29 02:10;74;;2;76
2018-01-29 02:20;70;;-1;69
2018-01-29 02:30;65;;-3;62
2018-01-29 02:40;59;;-4;55
2018-01-29 02:50;52;;-5;47
2018-01-29 03:00;45;;-5;40
2018-01-29 03:10;38;;-6;32
2018-01-29 03:20;30;;-7;23
2018-01-29 03:30;22;;-8;14
2018-01-29 03:40;15;;-10;5
2018-01-29 03:50;7;;-11;-4
2018-01-29 04:00;0;;-12;-12
2018-01-29 04:10;-7;;-14;-21
2018-01-29 04:20;-13;;-16;-29
2018-01-29 04:30;-20;;-17;-37
2018-01-29 04:40;-26;;-18;-44
2018-01-29 04:50;-32;;-18;-50
2018-01-29 05:00;-38;;-18;-56
2018-01-29 05:10;-42;;-19;-61
2018-01-29 05:20;-46;;-18;-64
2018-01-29 05:30;-49;;-18;-67
2018-01-29 05:40;-50;;-16;-66
2018-01-29 05:50;-51;;-17;-68
2018-01-29 06:00;-50;;-18;-68
2018-01-29 06:10;-50;;-17;-67
2018-01-29 06:20;-48;;-16;-64
2018-01-29 06:30;-47;;-15;-62
2018-01-29 06:40;-46;;-17;-63
2018-01-29 06:50;-45;;-17;-62
2018-01-29 07:00;-44;;-17;-61
2018-01-29 07:10;-44;;-17;-61
2018-01-29 07:20;-43;;-19;-62
2018-01-29 07:30;-43;;-19;-62
2018-01-29 07:40;-44;;-20;-64
2018-01-29 07:50;-44;;-23;-67
2018-01-29 08:00;-44;;-25;-69
2018-01-29 08:10;-44;;-26;-70
2018-01-29 08:20;-45;;-25;-70
2018-01-29 08:30;-45;;-25;-70
2018-01-29 08:40;-45;;-25;-70
2018-01-29 08:50;-45;;-25;-70
2018-01-29 09:00;-44;;-24;-68
2018-01-29 09:10;-42;;-23;-65
2018-01-29 09:20;-40;;-25;-65
2018-01-29 09:30;-37;;-25;-62
2018-01-29 09:40;-33;;-25;-58
2018-01-29 09:50;-28;;-26;-54
2018-01-29 10:00;-22;;-27;-49
2018-01-29 10:10;-15;;-28;-43
2018-01-29 10:20;-7;;-29;-36
2018-01-29 10:30;1;;-29;-28
2018-01-29 10:40;10;;-28;-18
2018-01-29 10:50;19;;-26;-7
2018-01-29 11:00;28;;-21;7
2018-01-29 11:10;39;;-14;25
2018-01-29 11:20;50;;-8;42
2018-01-29 11:30;61;;-3;58
2018-01-29 11:40;72;;-1;71
2018-01-29 11:50;83;;-3;80
2018-01-29 12:00;93;;-6;87
2018-01-29 12:10;102;;-7;95
2018-01-29 12:20;110;;-11;99
2018-01-29 12:30;115;;-15;100
2018-01-29 12:40;117;;-17;100
2018-01-29 12:50;118;;-18;100
2018-01-29 13:00;116;;-18;98
2018-01-29 13:10;113;;-18;95
2018-01-29 13:20;108;;-17;91
2018-01-29 13:30;104;;-13;91
2018-01-29 13:40;99;;-10;89
2018-01-29 13:50;94;;-10;84
2018-01-29 14:00;90;;-10;80
2018-01-29 14:10;87;;-9;78
2018-01-29 14:20;84;;-9;75
2018-01-29 14:30;80;;-10;70
2018-01-29 14:40;76;;-11;65
2018-01-29 14:50;71;;-12;59
2018-01-29 15:00;66;;-11;55
2018-01-29 15:10;59;;-10;49
2018-01-29 15:20;51;;-9;42
2018-01-29 15:30;42;;-6;36
2018-01-29 15:40;33;;-4;29
2018-01-29 15:50;24;;0;24
2018-01-29 16:00;15;;2;17
2018-01-29 16:10;6;;6;12
2018-01-29 16:20;-2;;7;5
2018-01-29 16:30;-10;;9;-1
2018-01-29 16:40;-17;;10;-7
2018-01-29 16:50;-24;;12;-12
2018-01-29 17:00;-31;;16;-15
2018-01-29 17:10;-38;;20;-18
2018-01-29 17:20;-44;;24;-20
2018-01-29 17:30;-49;;28;-21
2018-01-29 17:40;-53;;32;-21
2018-01-29 17:50;-56;;36;-20
2018-01-29 18:00;-58;;40;-18
2018-01-29 18:10;-59;;43;-16
2018-01-29 18:20;-59;;45;-14
2018-01-29 18:30;-58;;44;-14
2018-01-29 18:40;-57;;43;-14
2018-01-29 18:50;-55;;40;-15
2018-01-29 19:00;-54;;37;-17
2018-01-29 19:10;-53;;33;-20
2018-01-29 19:20;-52;;30;-22
2018-01-29 19:30;-52;;28;-24
2018-01-29 19:40;-52;;27;-25
2018-01-29 19:50;-53;;25;-28
2018-01-29 20:00;-53;;22;-31
2018-01-29 20:10;-54;;21;-33
2018-01-29 20:20;-55;;21;-34
2018-01-29 20:30;-55;;21;-34
2018-01-29 20:40;-56;;23;-33
2018-01-29 20:50;-56;;24;-32
2018-01-29 21:00;-56;;26;-30
2018-01-29 21:10;-56;;29;-27
2018-01-29 21:20;-55;;31;-24
2018-01-29 21:30;-54;;34;-20
2018-01-29 21:40;-53;;36;-17
2018-01-29 21:50;-50;;37;-13
2018-01-29 22:00;-47;;39;-8
2018-01-29 22:10;-43;;39;-4
2018-01-29 22:20;-38;;39;1
2018-01-29 22:30;-32;;39;7
2018-01-29 22:40;-26;;40;14
2018-01-29 22:50;-19;;40;21
2018-01-29 23:00;-11;;41;30
2018-01-29 23:10;-3;;42;39
2018-01-29 23:20;6;;44;50
2018-01-29 23:30;16;;46;62
2018-01-29 23:40;27;;50;77
2018-01-29 23:50;39;;53;92
2018-01-30 00:00;52;;55;107
2018-01-30 00:10;64;;56;120
2018-01-30 00:20;77;;55;132
2018-01-30 00:30;89;;51;140
2018-01-30 00:40;99;;47;146
2018-01-30 00:50;107;;43;150
2018-01-30 01:00;113;;39;152
2018-01-30 01:10;116;;36;152
2018-01-30 01:20;117;;34;151
2018-01-30 01:30;116;;35;151
2018-01-30 01:40;113;;35;148
2018-01-30 01:50;109;;35;144
2018-01-30 02:00;106;;36;142
2018-01-30 02:10;102;;37;139
2018-01-30 02:20;98;;38;136
2018-01-30 02:30;95;;37;132
2018-01-30 02:40;93;;36;129
2018-01-30 02:50;90;;35;125
2018-01-30 03:00;86;;33;119
2018-01-30 03:10;82;;31;113
2018-01-30 03:20;77;;29;106
2018-01-30 03:30;71;;29;100
2018-01-30 03:40;64;;29;93
2018-01-30 03:50;56;;30;86
2018-01-30 04:00;48;;29;77
2018-01-30 04:10;39;;29;68
2018-01-30 04:20;31;;28;59
2018-01-30 04:30;22;;28;50
2018-01-30 04:40;14;;26;40
2018-01-30 04:50;5;;25;30
2018-01-30 05:00;-3;;23;20
2018-01-30 05:10;-11;;21;10
2018-01-30 05:20;-19;;19;0
2018-01-30 05:30;-27;;19;-8
2018-01-30 05:40;-34;;19;-15
2018-01-30 05:50;-41;;18;-23
2018-01-30 06:00;-47;;18;-29
2018-01-30 06:10;-51;;19;-32
2018-01-30 06:20;-54;;20;-34
2018-01-30 06:30;-56;;22;-34
2018-01-30 06:40;-56;;22;-34
2018-01-30 06:50;-55;;22;-33
2018-01-30 07:00;-54;;25;-29
2018-01-30 07:10;-52;;26;-26
2018-01-30 07:20;-50;;26;-24
2018-01-30 07:30;-48;;25;-23
2018-01-30 07:40;-47;;22;-25
2018-01-30 07:50;-46;;20;-26
2018-01-30 08:00;-46;;20;-26
2018-01-30 08:10;-46;;20;-26
2018-01-30 08:20;-47;;20;-27
2018-01-30 08:30;-47;;18;-29
2018-01-30 08:40;-48;;16;-32
2018-01-30 08:50;-49;;17;-32
2018-01-30 09:00;-50;;18;-32
2018-01-30 09:10;-51;;18;-33
2018-01-30 09:20;-52;;19;-33
2018-01-30 09:30;-52;;17;-35
2018-01-30 09:40;-53;;18;-35
2018-01-30 09:50;-52;;18;-34
2018-01-30 10:00;-51;;18;-33
2018-01-30 10:10;-49;;17;-32
2018-01-30 10:20;-46;;15;-31
2018-01-30 10:30;-42;;13;-29
2018-01-30 10:40;-37;;12;-25
2018-01-30 10:50;-32;;9;-23
2018-01-30 11:00;-26;;5;-21
2018-01-30 11:10;-20;;3;-17
2018-01-30 11:20;-13;;-1;-14
2018-01-30 11:30;-5;;-3;-8
2018-01-30 11:40;4;;-6;-2
2018-01-30 11:50;13;;-8;5
2018-01-30 12:00;25;;-10;15
2018-01-30 12:10;37;;-10;27
2018-01-30 12:20;51;;-9;42
2018-01-30 12:30;66;;-6;60
2018-01-30 12:40;81;;-3;78
2018-01-30 12:50;95;;-3;92
2018-01-30 13:00;107;;-4;103
2018-01-30 13:10;117;;-6;111
2018-01-30 13:20;125;;-7;118
2018-01-30 13:30;129;;-6;123
2018-01-30 13:40;130;;-5;125
2018-01-30 13:50;129;;-4;125
2018-01-30 14:00;125;;0;125
2018-01-30 14:10;121;;2;123
2018-01-30 14:20;116;;2;118
2018-01-30 14:30;111;;3;114
2018-01-30 14:40;107;;6;113
2018-01-30 14:50;104;;6;110
2018-01-30 15:00;101;;2;103
2018-01-30 15:10;99;;0;99
2018-01-30 15:20;96;;-1;95
2018-01-30 15:30;93;;-4;89
2018-01-30 15:40;88;;-8;80
2018-01-30 15:50;82;;-10;72
2018-01-30 16:00;75;;-11;64
2018-01-30 16:10;66;;-10;56
2018-01-30 16:20;57;;-10;47
2018-01-30 16:30;48;;-11;37
2018-01-30 16:40;38;;-11;27
2018-01-30 16:50;29;;-12;17
2018-01-30 17:00;20;;-14;6
2018-01-30 17:10;11;;-16;-5
2018-01-30 17:20;2;;-18;-16
2018-01-30 17:30;-6;;-21;-27
2018-01-30 17:40;-14;;-24;-38
2018-01-30 17:50;-23;;-25;-48
2018-01-30 18:00;-30;;-28;-58
2018-01-30 18:10;-37;;-29;-66
2018-01-30 18:20;-44;;-30;-74
2018-01-30 18:30;-49;;-32;-81
2018-01-30 18:40;-52;;-33;-85
2018-01-30 18:50;-54;;-33;-87
2018-01-30 19:00;-55;;-32;-87
2018-01-30 19:10;-54;;-30;-84
2018-01-30 19:20;-53;;-26;-79
2018-01-30 19:30;-51;;-23;-74
2018-01-30 19:40;-50;;-20;-70
2018-01-30 19:50;-48;;-20;-68
2018-01-30 20:00;-47;;-18;-65
2018-01-30 20:10;-47;;-17;-64
2018-01-30 20:20;-48;;-17;-65
2018-01-30 20:30;-48;;-18;-66
2018-01-30 20:40;-49;;-18;-67
2018-01-30 20:50;-50;;-18;-68
2018-01-30 21:00;-51;;-17;-68
2018-01-30 21:10;-52;;-18;-70
2018-01-30 21:20;-53;;-18;-71
2018-01-30 21:30;-54;;-20;-74
2018-01-30 21:40;-54;;-22;-76
2018-01-30 21:50;-55;;-21;-76
2018-01-30 22:00;-55;;-23;-78
2018-01-30 22:10;-54;;-24;-78
2018-01-30 22:20;-53;;-25;-78
2018-01-30 22:30;-52;;-27;-79
2018-01-30 22:40;-50;;-27;-77
2018-01-30 22:50;-47;;-28;-75
2018-01-30 23:00;-44;;-29;-73
2018-01-30 23:10;-41;;-30;-71
2018-01-30 23:20;-37;;-32;-69
2018-01-30 23:30;-33;;-33;-66
2018-01-30 23:40;-29;;-33;-62
2018-01-30 23:50;-24;;-34;-58
2018-01-31 00:00;-17;;-36;-53
2018-01-31 00:10;-10;;-37;-47
2018-01-31 00:20;0;;-38;-38
2018-01-31 00:30;11;;-37;-26
2018-01-31 00:40;25;;-36;-11
2018-01-31 00:50;39;;-31;8
2018-01-31 01:00;55;;-25;30
2018-01-31 01:10;71;;-20;51
2018-01-31 01:20;85;;-18;67
2018-01-31 01:30;98;;-20;78
2018-01-31 01:40;108;;-23;85
2018-01-31 01:50;116;;-25;91
2018-01-31 02:00;120;;-23;97
2018-01-31 02:10;121;;-22;99
2018-01-31 02:20;120;;-22;98
2018-01-31 02:30;117;;-20;97
2018-01-31 02:40;114;;-19;95
2018-01-31 02:50;110;;-19;91
2018-01-31 03:00;106;;-19;87
2018-01-31 03:10;104;;-22;82
2018-01-31 03:20;101;;-20;81
2018-01-31 03:30;99;;-19;80
2018-01-31 03:40;96;;-22;74
2018-01-31 03:50;93;;-26;67
2018-01-31 04:00;89;;-25;64
2018-01-31 04:10;83;;-24;59
2018-01-31 04:20;76;;-23;53
2018-01-31 04:30;69;;-24;45
2018-01-31 04:40;60;;-23;37
2018-01-31 04:50;50;;-21;29
2018-01-31 05:00;41;;-19;22
2018-01-31 05:10;31;;-16;15
2018-01-31 05:20;22;;-16;6
2018-01-31 05:30;13;;-15;-2
2018-01-31 05:40;3;;-13;-10
2018-01-31 05:50;-6;;-12;-18
2018-01-31 06:00;-15;;-12;-27
2018-01-31 06:10;-24;;-10;-34
2018-01-31 06:20;-33;;-9;-42
2018-01-31 06:30;-42;;-8;-50
2018-01-31 06:40;-49;;-6;-55
2018-01-31 06:50;-55;;-3;-58
2018-01-31 07:00;-59;;-1;-60
2018-01-31 07:10;-62;;1;-61
2018-01-31 07:20;-62;;3;-59
2018-01-31 07:30;-61;;6;-55
2018-01-31 07:40;-59;;9;-50
2018-01-31 07:50;-57;;11;-46
2018-01-31 08:00;-54;;12;-42
2018-01-31 08:10;-51;;12;-39
2018-01-31 08:20;-49;;10;-39
2018-01-31 08:30;-48;;7;-41
2018-01-31 08:40;-47;;4;-43
2018-01-31 08:50;-47;;3;-44
2018-01-31 09:00;-48;;2;-46
2018-01-31 09:10;-49;;1;-48
2018-01-31 09:20;-50;;0;-50
2018-01-31 09:30;-51;;-1;-52
2018-01-31 09:40;-53;;0;-53
2018-01-31 09:50;-54;;0;-54
2018-01-31 10:00;-56;;0;-56
2018-01-31 10:10;-57;;0;-57
2018-01-31 10:20;-58;;0;-58
2018-01-31 10:30;-57;;0;-57
2018-01-31 10:40;-57;;2;-55
2018-01-31 10:50;-55;;2;-53
2018-01-31 11:00;-53;;2;-51
2018-01-31 11:10;-50;;2;-48
2018-01-31 11:20;-46;;3;-43
2018-01-31 11:30;-42;;3;-39
2018-01-31 11:40;-38;;4;-34
2018-01-31 11:50;-33;;5;-28
2018-01-31 12:00;-28;;7;-21
2018-01-31 12:10;-23;;10;-13
2018-01-31 12:20;-16;;12;-4
2018-01-31 12:30;-7;;13;6
2018-01-31 12:40;3;;16;19
2018-01-31 12:50;16;;19;35
2018-01-31 13:00;31;;25;56
2018-01-31 13:10;48;;32;80
2018-01-31 13:20;66;;37;103
2018-01-31 13:30;84;;39;123
2018-01-31 13:40;101;;36;137
2018-01-31 13:50;115;;32;147
2018-01-31 14:00;127;;29;156
2018-01-31 14:10;135;;26;161
2018-01-31 14:20;139;;24;163
2018-01-31 14:30;140;;21;161
2018-01-31 14:40;138;;20;158
2018-01-31 14:50;134;;20;154
2018-01-31 15:00;129;;24;153
2018-01-31 15:10;124;;29;153
2018-01-31 15:20;120;;28;148
2018-01-31 15:30;116;;27;143
2018-01-31 15:40;113;;29;142
2018-01-31 15:50;111;;29;140
2018-01-31 16:00;109;;26;135
2018-01-31 16:10;106;;24;130
2018-01-31 16:20;102;;23;125
2018-01-31 16:30;97;;24;121
2018-01-31 16:40;90;;25;115
2018-01-31 16:50;82;;26;108
2018-01-31 17:00;73;;26;99
2018-01-31 17:10;64;;28;92
2018-01-31 17:20;54;;31;85
2018-01-31 17:30;45;;32;77
2018-01-31 17:40;35;;33;68
2018-01-31 17:50;26;;34;60
2018-01-31 18:00;17;;36;53
2018-01-31 18:10;8;;36;44
2018-01-31 18:20;-1;;34;33
2018-01-31 18:30;-10;;34;24
2018-01-31 18:40;-19;;35;16
2018-01-31 18:50;-27;;37;10
2018-01-31 19:00;-35;;38;3
2018-01-31 19:10;-41;;38;-3
2018-01-31 19:20;-46;;39;-7
2018-01-31 19:30;-49;;42;-7
2018-01-31 19:40;-50;;46;-4
2018-01-31 19:50;-49;;48;-1
2018-01-31 20:00;-48;;48;0
2018-01-31 20:10;-46;;48;2
2018-01-31 20:20;-44;;48;4
2018-01-31 20:30;-42;;46;4
2018-01-31 20:40;-41;;44;3
2018-01-31 20:50;-40;;40;0
2018-01-31 21:00;-41;;39;-2
2018-01-31 21:10;-41;;38;-3
2018-01-31 21:20;-43;;39;-4
2018-01-31 21:30;-44;;38;-6
2018-01-31 21:40;-46;;38;-8
2018-01-31 21:50;-47;;38;-9
2018-01-31 22:00;-49;;39;-10
2018-01-31 22:10;-50;;39;-11
2018-01-31 22:20;-51;;38;-13
2018-01-31 22:30;-51;;37;-14
2018-01-31 22:40;-51;;38;-13
2018-01-31 22:50;-51;;38;-13
2018-01-31 23:00;-51;;39;-12
2018-01-31 23:10;-49;;38;-11
2018-01-31 23:20;-48;;39;-9
2018-01-31 23:30;-46;;38;-8
2018-01-31 23:40;-44;;37;-7
2018-01-31 23:50;-42;;37;-5
2018-02-01 00:00;-40;;37;-3
2018-02-01 00:10;-38;;37;-1
2018-02-01 00:20;-37;;40;3
2018-02-01 00:30;-34;;40;6
2018-02-01 00:40;-31;;41;10
2018-02-01 00:50;-26;;41;15
2018-02-01 01:00;-19;;41;22
2018-02-01 01:10;-9;;40;31
2018-02-01 01:20;3;;39;42
2018-02-01 01:30;18;;39;57
2018-02-01 01:40;35;;43;78
2018-02-01 01:50;53;;48;101
2018-02-01 02:00;71;;49;120
2018-02-01 02:10;87;;45;132
2018-02-01 02:20;101;;40;141
2018-02-01 02:30;112;;37;149
2018-02-01 02:40;119;;38;157
2018-02-01 02:50;123;;37;160
2018-02-01 03:00;123;;36;159
2018-02-01 03:10;122;;35;157
2018-02-01 03:20;118;;36;154
2018-02-01 03:30;115;;37;152
2018-02-01 03:40;111;;39;150
2018-02-01 03:50;108;;35;143
2018-02-01 04:00;106;;31;137
2018-02-01 04:10;104;;32;136
2018-02-01 04:20;101;;32;133
2018-02-01 04:30;99;;29;128
2018-02-01 04:40;95;;26;121
2018-02-01 04:50;90;;24;114
2018-02-01 05:00;83;;24;107
2018-02-01 05:10;75;;24;99
2018-02-01 05:20;67;;25;92
2018-02-01 05:30;57;;28;85
2018-02-01 05:40;47;;30;77
2018-02-01 05:50;37;;31;68
2018-02-01 06:00;27;;31;58
2018-02-01 06:10;16;;33;49
2018-02-01 06:20;6;;35;41
2018-02-01 06:30;-4;;36;32
2018-02-01 06:40;-14;;37;23
2018-02-01 06:50;-24;;38;14
2018-02-01 07:00;-35;;41;6
2018-02-01 07:10;-44;;43;-1
2018-02-01 07:20;-53;;46;-7
2018-02-01 07:30;-60;;48;-12
2018-02-01 07:40;-65;;50;-15
2018-02-01 07:50;-68;;53;-15
2018-02-01 08:00;-69;;57;-12
2018-02-01 08:10;-68;;60;-8
2018-02-01 08:20;-65;;61;-4
2018-02-01 08:30;-62;;61;-1
2018-02-01 08:40;-58;;61;3
2018-02-01 08:50;-54;;60;6
2018-02-01 09:00;-51;;57;6
2018-02-01 09:10;-49;;53;4
2018-02-01 09:20;-47;;49;2
2018-02-01 09:30;-47;;47;0
2018-02-01 09:40;-47;;45;-2
2018-02-01 09:50;-49;;44;-5
2018-02-01 10:00;-50;;42;-8
2018-02-01 10:10;-52;;43;-9
2018-02-01 10:20;-54;;43;-11
2018-02-01 10:30;-56;;43;-13
2018-02-01 10:40;-58;;43;-15
2018-02-01 10:50;-60;;45;-15
2018-02-01 11:00;-61;;46;-15
2018-02-01 11:10;-62;;48;-14
2018-02-01 11:20;-61;;48;-13
2018-02-01 11:30;-60;;48;-12
2018-02-01 11:40;-58;;49;-9
2018-02-01 11:50;-55;;49;-6
2018-02-01 12:00;-52;;49;-3
2018-02-01 12:10;-49;;48;-1
2018-02-01 12:20;-46;;50;4
2018-02-01 12:30;-43;;52;9
2018-02-01 12:40;-39;;53;14
2018-02-01 12:50;-35;;55;20
2018-02-01 13:00;-30;;56;26
2018-02-01 13:10;-23;;57;34
2018-02-01 13:20;-14;;57;43
2018-02-01 13:30;-1;;56;55
2018-02-01 13:40;14;;55;69
2018-02-01 13:50;32;;55;87
2018-02-01 14:00;51;;59;110
2018-02-01 14:10;72;;64;136
2018-02-01 14:20;92;;65;157
2018-02-01 14:30;110;;60;170
2018-02-01 14:40;125;;55;180
2018-02-01 14:50;137;;52;189
2018-02-01 15:00;144;;50;194
2018-02-01 15:10;147;;47;194
2018-02-01 15:20;146;;46;192
2018-02-01 15:30;143;;47;190
2018-02-01 15:40;138;;50;188
2018-02-01 15:50;133;;50;183
2018-02-01 16:00;128;;50;178
2018-02-01 16:10;124;;51;175
2018-02-01 16:20;120;;52;172
2018-02-01 16:30;118;;51;169
2018-02-01 16:40;116;;49;165
2018-02-01 16:50;113;;48;161
2018-02-01 17:00;110;;47;157
2018-02-01 17:10;105;;46;151
2018-02-01 17:20;99;;45;144
2018-02-01 17:30;92;;46;138
2018-02-01 17:40;83;;50;133
2018-02-01 17:50;74;;52;126
2018-02-01 18:00;65;;53;118
2018-02-01 18:10;56;;53;109
2018-02-01 18:20;46;;54;100
2018-02-01 18:30;37;;55;92
2018-02-01 18:40;28;;55;83
2018-02-01 18:50;19;;54;73
2018-02-01 19:00;9;;55;64
2018-02-01 19:10;0;;55;55
2018-02-01 19:20;-10;;56;46
2018-02-01 19:30;-19;;58;39
2018-02-01 19:40;-27;;59;32
2018-02-01 19:50;-34;;61;27
2018-02-01 20:00;-40;;63;23
2018-02-01 20:10;-43;;65;22
2018-02-01 20:20;-44;;69;25
2018-02-01 20:30;-44;;71;27
2018-02-01 20:40;-43;;71;28
2018-02-01 20:50;-40;;70;30
2018-02-01 21:00;-38;;70;32
2018-02-01 21:10;-35;;67;32
2018-02-01 21:20;-34;;64;30
2018-02-01 21:30;-33;;60;27
2018-02-01 21:40;-33;;58;25
2018-02-01 21:50;-34;;57;23
2018-02-01 22:00;-36;;57;21
2018-02-01 22:10;-38;;57;19
2018-02-01 22:20;-40;;56;16
2018-02-01 22:30;-42;;57;15
2018-02-01 22:40;-44;;59;15
2018-02-01 22:50;-45;;60;15
2018-02-01 23:00;-47;;61;14
2018-02-01 23:10;-48;;61;13
2018-02-01 23:20;-49;;62;13
2018-02-01 23:30;-49;;64;15
2018-02-01 23:40;-48;;65;17
2018-02-01 23:50;-47;;65;18
2018-02-02 00:00;-46;;65;19
