Datum/tijd (MET);Astronomisch;Gemeten waterstand;Verwachte opzet;Verwachting RWS
2018-01-17 00:00;-28;24;50;22
2018-01-17 00:10;-25;26;52;27
2018-01-17 00:20;-20;33;49;29
2018-01-17 00:30;-15;38;53;38
2018-01-17 00:40;-9;46;56;47
2018-01-17 00:50;-2;55;59;57
2018-01-17 01:00;7;63;62;69
2018-01-17 01:10;16;75;67;83
2018-01-17 01:20;27;89;72;99
2018-01-17 01:30;39;102;76;115
2018-01-17 01:40;52;117;80;132
2018-01-17 01:50;64;133;83;147
2018-01-17 02:00;76;148;84;160
2018-01-17 02:10;87;161;84;171
2018-01-17 02:20;96;173;83;179
2018-01-17 02:30;104;179;80;184
2018-01-17 02:40;109;182;77;186
2018-01-17 02:50;113;182;74;187
2018-01-17 03:00;115;180;70;185
2018-01-17 03:10;115;177;67;182
2018-01-17 03:20;115;171;65;180
2018-01-17 03:30;113;168;64;177
2018-01-17 03:40;111;165;64;175
2018-01-17 03:50;109;160;64;173
2018-01-17 04:00;107;159;65;172
2018-01-17 04:10;104;158;66;170
2018-01-17 04:20;100;155;67;167
2018-01-17 04:30;96;152;66;162
2018-01-17 04:40;91;148;66;157
2018-01-17 04:50;85;141;65;150
2018-01-17 05:00;79;136;65;144
2018-01-17 05:10;71;130;65;136
2018-01-17 05:20;63;122;65;128
2018-01-17 05:30;55;116;57;112
2018-01-17 05:40;46;108;59;105
2018-01-17 05:50;37;101;60;97
2018-01-17 06:00;28;94;61;89
2018-01-17 06:10;19;87;62;81
2018-01-17 06:20;10;77;64;74
2018-01-17 06:30;1;69;65;66
2018-01-17 06:40;-9;62;67;58
2018-01-17 06:50;-18;54;69;51
2018-01-17 07:00;-26;47;71;45
2018-01-17 07:10;-35;42;74;39
2018-01-17 07:20;-42;35;75;33
2018-01-17 07:30;-48;31;77;29
2018-01-17 07:40;-53;28;79;26
2018-01-17 07:50;-57;27;81;24
2018-01-17 08:00;-59;26;81;22
2018-01-17 08:10;-61;27;82;21
2018-01-17 08:20;-62;27;84;22
2018-01-17 08:30;-62;26;84;22
2018-01-17 08:40;-62;27;85;23
2018-01-17 08:50;-61;30;84;23
2018-01-17 09:00;-60;30;82;22
2018-01-17 09:10;-60;30;82;22
2018-01-17 09:20;-59;30;79;20
2018-01-17 09:30;-58;29;77;19
2018-01-17 09:40;-57;29;74;17
2018-01-17 09:50;-57;27;72;15
2018-01-17 10:00;-56;23;69;13
2018-01-17 10:10;-56;21;67;11
2018-01-17 10:20;-56;19;64;8
2018-01-17 10:30;-56;17;64;8
2018-01-17 10:40;-56;15;65;9
2018-01-17 10:50;-57;13;67;10
2018-01-17 11:00;-57;14;69;12
2018-01-17 11:10;-57;16;73;16
2018-01-17 11:20;-57;20;76;19
2018-01-17 11:30;-56;21;77;21
2018-01-17 11:40;-55;26;79;24
2018-01-17 11:50;-52;31;79;27
2018-01-17 12:00;-50;35;82;32
2018-01-17 12:10;-46;40;85;39
2018-01-17 12:20;-42;46;87;45
2018-01-17 12:30;-37;51;91;54
2018-01-17 12:40;-31;59;93;62
2018-01-17 12:50;-23;67;95;72
2018-01-17 13:00;-15;76;98;83
2018-01-17 13:10;-5;85;100;95
2018-01-17 13:20;6;95;101;107
2018-01-17 13:30;18;105;105;123
2018-01-17 13:40;32;122;108;140
2018-01-17 13:50;47;138;111;158
2018-01-17 14:00;62;152;113;175
2018-01-17 14:10;76;167;113;189
2018-01-17 14:20;90;184;111;201
2018-01-17 14:30;102;198;108;210
2018-01-17 14:40;111;206;105;216
2018-01-17 14:50;119;210;101;220
2018-01-17 15:00;124;211;96;220
2018-01-17 15:10;126;208;91;217
2018-01-17 15:20;127;204;87;214
2018-01-17 15:30;126;195;84;210
2018-01-17 15:40;124;189;81;205
2018-01-17 15:50;122;185;79;201
2018-01-17 16:00;119;181;79;198
2018-01-17 16:10;116;179;78;194
2018-01-17 16:20;112;177;79;191
2018-01-17 16:30;109;173;78;187
2018-01-17 16:40;104;169;79;183
2018-01-17 16:50;100;165;78;178
2018-01-17 17:00;94;157;77;171
2018-01-17 17:10;88;148;77;165
2018-01-17 17:20;81;141;76;157
2018-01-17 17:30;74;133;76;150
2018-01-17 17:40;67;127;75;142
2018-01-17 17:50;60;120;73;133
2018-01-17 18:00;52;114;56;108
2018-01-17 18:10;45;109;56;101
2018-01-17 18:20;37;101;60;97
2018-01-17 18:30;30;91;60;90
2018-01-17 18:40;22;81;60;82
2018-01-17 18:50;15;70;59;74
2018-01-17 19:00;7;61;59;66
2018-01-17 19:10;-1;52;58;57
2018-01-17 19:20;-8;43;56;48
2018-01-17 19:30;-15;36;57;42
2018-01-17 19:40;-22;32;56;34
2018-01-17 19:50;-27;28;56;29
2018-01-17 20:00;-31;25;56;25
2018-01-17 20:10;-34;23;56;22
2018-01-17 20:20;-36;20;56;20
2018-01-17 20:30;-37;17;56;19
2018-01-17 20:40;-38;15;57;19
2018-01-17 20:50;-39;15;58;19
2018-01-17 21:00;-39;13;60;21
2018-01-17 21:10;-39;13;60;21
2018-01-17 21:20;-39;12;59;20
2018-01-17 21:30;-40;10;57;17
2018-01-17 21:40;-40;9;54;14
2018-01-17 21:50;-40;6;52;12
2018-01-17 22:00;-41;4;50;9
2018-01-17 22:10;-41;1;48;7
2018-01-17 22:20;-40;-2;45;5
2018-01-17 22:30;-40;-3;42;2
2018-01-17 22:40;-40;-5;41;1
2018-01-17 22:50;-39;-4;39;0
2018-01-17 23:00;-39;-4;35;-4
2018-01-17 23:10;-38;-3;35;-3
2018-01-17 23:20;-38;-3;35;-3
2018-01-17 23:30;-37;-3;34;-3
2018-01-17 23:40;-36;-1;39;3
2018-01-17 23:50;-35;-1;39;4
2018-01-18 00:00;-34;-1;29;-5
2018-01-18 00:10;-32;0;29;-3
2018-01-18 00:20;-29;1;30;1
2018-01-18 00:30;-27;3;31;4
2018-01-18 00:40;-23;6;30;7
2018-01-18 00:50;-20;10;29;9
2018-01-18 01:00;-15;13;28;13
2018-01-18 01:10;-10;17;26;16
2018-01-18 01:20;-3;21;24;21
2018-01-18 01:30;5;27;23;28
2018-01-18 01:40;14;33;20;34
2018-01-18 01:50;24;39;19;43
2018-01-18 02:00;35;47;14;49
2018-01-18 02:10;48;59;15;63
2018-01-18 02:20;60;73;19;79
2018-01-18 02:30;73;88;22;95
2018-01-18 02:40;84;101;23;107
2018-01-18 02:50;95;116;24;119
2018-01-18 03:00;103;129;24;127
2018-01-18 03:10;110;137;23;133
2018-01-18 03:20;114;141;21;135
2018-01-18 03:30;117;141;18;135
2018-01-18 03:40;118;139;15;133
2018-01-18 03:50;117;135;13;130
2018-01-18 04:00;116;129;9;125
2018-01-18 04:10;114;122;8;122
2018-01-18 04:20;111;117;8;119
2018-01-18 04:30;109;112;7;116
2018-01-18 04:40;106;109;8;114
2018-01-18 04:50;102;105;12;114
2018-01-18 05:00;98;102;14;112
2018-01-18 05:10;93;99;16;109
2018-01-18 05:20;87;95;19;106
2018-01-18 05:30;81;91;20;101
2018-01-18 05:40;73;88;23;96
2018-01-18 05:50;65;83;25;90
2018-01-18 06:00;57;77;17;74
2018-01-18 06:10;48;71;20;68
2018-01-18 06:20;39;64;22;61
2018-01-18 06:30;30;57;26;56
2018-01-18 06:40;21;48;30;51
2018-01-18 06:50;11;38;36;47
2018-01-18 07:00;2;28;41;43
2018-01-18 07:10;-8;21;47;39
2018-01-18 07:20;-18;14;54;36
2018-01-18 07:30;-27;8;61;34
2018-01-18 07:40;-36;3;67;31
2018-01-18 07:50;-44;2;73;29
2018-01-18 08:00;-51;1;79;28
2018-01-18 08:10;-56;6;84;28
2018-01-18 08:20;-61;9;89;28
2018-01-18 08:30;-64;13;94;30
2018-01-18 08:40;-65;21;98;33
2018-01-18 08:50;-66;30;104;38
2018-01-18 09:00;-65;41;109;44
2018-01-18 09:10;-65;54;117;52
2018-01-18 09:20;-64;66;125;61
2018-01-18 09:30;-63;78;133;70
2018-01-18 09:40;-62;89;139;77
2018-01-18 09:50;-62;95;143;81
2018-01-18 10:00;-62;98;146;84
2018-01-18 10:10;-61;99;144;83
2018-01-18 10:20;-61;99;142;81
2018-01-18 10:30;-61;97;139;78
2018-01-18 10:40;-61;92;136;75
2018-01-18 10:50;-61;84;132;71
2018-01-18 11:00;-61;79;129;68
2018-01-18 11:10;-61;71;127;66
2018-01-18 11:20;-60;62;124;64
2018-01-18 11:30;-60;53;94;34
2018-01-18 11:40;-60;42;86;26
2018-01-18 11:50;-59;31;78;19
2018-01-18 12:00;-58;24;70;12
2018-01-18 12:10;-56;16;63;7
2018-01-18 12:20;-54;8;57;3
2018-01-18 12:30;-51;1;53;2
2018-01-18 12:40;-48;-2;52;4
2018-01-18 12:50;-44;-1;52;8
2018-01-18 13:00;-39;-1;50;11
2018-01-18 13:10;-34;1;53;19
2018-01-18 13:20;-27;10;57;30
2018-01-18 13:30;-19;23;63;44
2018-01-18 13:40;-10;39;72;62
2018-01-18 13:50;0;59;81;81
2018-01-18 14:00;13;86;89;102
2018-01-18 14:10;26;112;99;125
2018-01-18 14:20;41;137;103;144
2018-01-18 14:30;56;158;105;161
2018-01-18 14:40;71;177;105;176
2018-01-18 14:50;86;186;100;186
2018-01-18 15:00;99;193;93;192
2018-01-18 15:10;110;197;86;196
2018-01-18 15:20;119;198;77;196
2018-01-18 15:30;126;197;67;193
2018-01-18 15:40;130;196;59;189
2018-01-18 15:50;131;193;52;183
2018-01-18 16:00;131;190;48;179
2018-01-18 16:10;129;185;45;174
2018-01-18 16:20;127;182;42;169
2018-01-18 16:30;124;175;41;165
2018-01-18 16:40;121;168;41;162
2018-01-18 16:50;117;160;41;158
2018-01-18 17:00;113;152;39;152
2018-01-18 17:10;109;144;37;146
2018-01-18 17:20;104;138;37;141
2018-01-18 17:30;98;131;37;135
2018-01-18 17:40;92;126;36;128
2018-01-18 17:50;85;119;37;122
2018-01-18 18:00;77;113;37;114
2018-01-18 18:10;70;106;35;105
2018-01-18 18:20;62;98;35;97
2018-01-18 18:30;54;87;29;83
2018-01-18 18:40;47;77;29;76
2018-01-18 18:50;39;68;30;69
2018-01-18 19:00;32;59;30;62
2018-01-18 19:10;25;48;29;54
2018-01-18 19:20;18;38;26;44
2018-01-18 19:30;10;29;25;35
2018-01-18 19:40;3;23;24;27
2018-01-18 19:50;-5;15;24;19
2018-01-18 20:00;-12;8;23;11
2018-01-18 20:10;-19;2;23;4
2018-01-18 20:20;-24;-4;23;-1
2018-01-18 20:30;-29;-8;24;-5
2018-01-18 20:40;-32;-11;23;-9
2018-01-18 20:50;-35;-12;24;-11
2018-01-18 21:00;-36;-12;22;-14
2018-01-18 21:10;-36;-13;21;-15
2018-01-18 21:20;-36;-11;20;-16
2018-01-18 21:30;-36;-12;20;-16
2018-01-18 21:40;-36;-14;20;-16
2018-01-18 21:50;-36;-16;20;-16
2018-01-18 22:00;-37;-16;20;-17
2018-01-18 22:10;-38;-17;19;-19
2018-01-18 22:20;-39;-19;20;-19
2018-01-18 22:30;-40;-21;20;-20
2018-01-18 22:40;-41;-23;20;-21
2018-01-18 22:50;-41;-24;18;-23
2018-01-18 23:00;-41;-25;16;-25
2018-01-18 23:10;-41;-25;16;-25
2018-01-18 23:20;-41;-25;16;-25
2018-01-18 23:30;-41;-24;17;-24
2018-01-18 23:40;-40;-22;18;-22
2018-01-18 23:50;-39;-20;19;-20
2018-01-19 00:00;-38;-18;16;-22
2018-01-19 00:10;-37;-16;17;-20
2018-01-19 00:20;-35;-14;18;-17
2018-01-19 00:30;-34;-13;19;-15
2018-01-19 00:40;-32;-10;19;-13
2018-01-19 00:50;-29;-8;19;-10
2018-01-19 01:00;-26;-5;19;-7
2018-01-19 01:10;-23;-2;19;-4
2018-01-19 01:20;-20;3;20;0
2018-01-19 01:30;-15;8;20;5
2018-01-19 01:40;-10;15;22;12
2018-01-19 01:50;-4;23;23;19
2018-01-19 02:00;3;32;25;28
2018-01-19 02:10;11;43;26;37
2018-01-19 02:20;21;55;29;50
2018-01-19 02:30;32;69;33;65
2018-01-19 02:40;43;82;41;84
2018-01-19 02:50;56;98;46;102
2018-01-19 03:00;69;114;51;120
2018-01-19 03:10;81;130;55;136
2018-01-19 03:20;92;145;57;149
2018-01-19 03:30;101;157;58;159
2018-01-19 03:40;109;166;56;165
2018-01-19 03:50;114;171;53;167
2018-01-19 04:00;117;172;49;166
2018-01-19 04:10;119;170;45;164
2018-01-19 04:20;118;167;42;160
2018-01-19 04:30;117;163;40;157
2018-01-19 04:40;115;156;37;152
2018-01-19 04:50;112;151;36;148
2018-01-19 05:00;110;145;35;145
2018-01-19 05:10;107;141;36;143
2018-01-19 05:20;103;137;37;140
2018-01-19 05:30;99;132;37;136
2018-01-19 05:40;95;128;35;130
2018-01-19 05:50;89;124;34;123
2018-01-19 06:00;83;116;28;111
2018-01-19 06:10;75;110;29;104
2018-01-19 06:20;67;101;30;97
2018-01-19 06:30;59;93;30;89
2018-01-19 06:40;50;84;31;81
2018-01-19 06:50;41;74;32;73
2018-01-19 07:00;31;63;33;64
2018-01-19 07:10;22;53;33;55
2018-01-19 07:20;13;44;33;46
2018-01-19 07:30;3;35;34;37
2018-01-19 07:40;-7;23;34;27
2018-01-19 07:50;-16;13;34;18
2018-01-19 08:00;-26;5;35;9
2018-01-19 08:10;-35;-3;35;0
2018-01-19 08:20;-44;-11;36;-8
2018-01-19 08:30;-51;-20;34;-17
2018-01-19 08:40;-58;-27;34;-24
2018-01-19 08:50;-63;-32;33;-30
2018-01-19 09:00;-66;-37;32;-34
2018-01-19 09:10;-68;-40;31;-37
2018-01-19 09:20;-69;-43;30;-39
2018-01-19 09:30;-69;-43;29;-40
2018-01-19 09:40;-68;-43;28;-40
2018-01-19 09:50;-66;-39;27;-39
2018-01-19 10:00;-65;-38;29;-36
2018-01-19 10:10;-64;-37;30;-34
2018-01-19 10:20;-64;-35;31;-33
2018-01-19 10:30;-63;-34;29;-34
2018-01-19 10:40;-64;-33;29;-35
2018-01-19 10:50;-64;-34;27;-37
2018-01-19 11:00;-65;-35;26;-39
2018-01-19 11:10;-65;-37;24;-41
2018-01-19 11:20;-66;-40;22;-44
2018-01-19 11:30;-66;-41;22;-44
2018-01-19 11:40;-66;-44;20;-46
2018-01-19 11:50;-66;-47;18;-48
2018-01-19 12:00;-66;-49;17;-49
2018-01-19 12:10;-65;-49;15;-50
2018-01-19 12:20;-64;-49;14;-50
2018-01-19 12:30;-62;-48;13;-49
2018-01-19 12:40;-60;-47;11;-49
2018-01-19 12:50;-58;-45;10;-48
2018-01-19 13:00;-55;-44;9;-46
2018-01-19 13:10;-51;-42;7;-44
2018-01-19 13:20;-47;-39;6;-41
2018-01-19 13:30;-42;-35;6;-36
2018-01-19 13:40;-36;-31;5;-31
2018-01-19 13:50;-30;-24;6;-24
2018-01-19 14:00;-23;-15;7;-16
2018-01-19 14:10;-14;-8;7;-7
2018-01-19 14:20;-4;3;7;3
2018-01-19 14:30;7;16;9;16
2018-01-19 14:40;20;31;12;32
2018-01-19 14:50;34;48;16;50
2018-01-19 15:00;49;67;23;72
2018-01-19 15:10;65;87;28;93
2018-01-19 15:20;80;106;31;111
2018-01-19 15:30;94;125;33;127
2018-01-19 15:40;106;139;33;139
2018-01-19 15:50;116;150;32;148
2018-01-19 16:00;124;155;26;150
2018-01-19 16:10;129;158;20;149
2018-01-19 16:20;132;156;14;146
2018-01-19 16:30;132;151;10;142
2018-01-19 16:40;131;146;6;137
2018-01-19 16:50;129;140;3;132
2018-01-19 17:00;126;136;5;131
2018-01-19 17:10;123;130;5;128
2018-01-19 17:20;120;127;7;127
2018-01-19 17:30;116;124;3;119
2018-01-19 17:40;112;121;6;118
2018-01-19 17:50;107;118;8;115
2018-01-19 18:00;102;113;8;110
2018-01-19 18:10;96;108;9;105
2018-01-19 18:20;89;101;10;99
2018-01-19 18:30;82;94;11;93
2018-01-19 18:40;74;87;11;85
2018-01-19 18:50;65;80;13;78
2018-01-19 19:00;57;72;14;71
2018-01-19 19:10;49;64;15;64
2018-01-19 19:20;42;54;15;57
2018-01-19 19:30;34;47;15;49
2018-01-19 19:40;27;38;14;41
2018-01-19 19:50;20;30;14;34
2018-01-19 20:00;13;21;12;25
2018-01-19 20:10;6;13;11;17
2018-01-19 20:20;-1;6;9;8
2018-01-19 20:30;-8;-2;9;1
2018-01-19 20:40;-15;-9;10;-5
2018-01-19 20:50;-21;-14;11;-10
2018-01-19 21:00;-26;-17;12;-14
2018-01-19 21:10;-30;-22;14;-16
2018-01-19 21:20;-32;-21;14;-18
2018-01-19 21:30;-34;-20;16;-18
2018-01-19 21:40;-34;-18;16;-18
2018-01-19 21:50;-34;-17;17;-17
2018-01-19 22:00;-34;-16;19;-15
2018-01-19 22:10;-34;-13;21;-13
2018-01-19 22:20;-34;-11;21;-13
2018-01-19 22:30;-34;-10;20;-14
2018-01-19 22:40;-35;-11;19;-16
2018-01-19 22:50;-36;-11;18;-18
2018-01-19 23:00;-38;-12;17;-21
2018-01-19 23:10;-40;-12;16;-24
2018-01-19 23:20;-41;-15;15;-26
2018-01-19 23:30;-43;-17;15;-28
2018-01-19 23:40;-44;-18;14;-30
2018-01-19 23:50;-44;-22;14;-30
2018-01-20 00:00;-44;-24;18;-26
2018-01-20 00:10;-44;-25;18;-26
2018-01-20 00:20;-43;-26;16;-27
2018-01-20 00:30;-41;-26;14;-27
2018-01-20 00:40;-40;-26;13;-27
2018-01-20 00:50;-38;-26;11;-27
2018-01-20 01:00;-36;-25;11;-25
2018-01-20 01:10;-33;-22;9;-24
2018-01-20 01:20;-30;-21;9;-21
2018-01-20 01:30;-27;-18;9;-18
2018-01-20 01:40;-24;-14;8;-16
2018-01-20 01:50;-20;-10;8;-12
2018-01-20 02:00;-16;-6;8;-8
2018-01-20 02:10;-11;0;8;-3
2018-01-20 02:20;-6;5;8;2
2018-01-20 02:30;0;12;7;7
2018-01-20 02:40;8;19;6;14
2018-01-20 02:50;17;25;7;24
2018-01-20 03:00;27;36;9;36
2018-01-20 03:10;38;49;12;50
2018-01-20 03:20;50;65;18;68
2018-01-20 03:30;63;81;23;86
2018-01-20 03:40;75;98;27;102
2018-01-20 03:50;87;115;30;117
2018-01-20 04:00;97;128;31;128
2018-01-20 04:10;105;140;32;137
2018-01-20 04:20;111;146;30;141
2018-01-20 04:30;115;148;28;143
2018-01-20 04:40;117;147;25;142
2018-01-20 04:50;117;144;23;140
2018-01-20 05:00;116;137;20;136
2018-01-20 05:10;114;133;18;132
2018-01-20 05:20;111;129;19;130
2018-01-20 05:30;108;124;20;128
2018-01-20 05:40;105;121;20;125
2018-01-20 05:50;102;117;20;122
2018-01-20 06:00;99;111;12;111
2018-01-20 06:10;95;106;12;107
2018-01-20 06:20;90;101;11;101
2018-01-20 06:30;84;94;9;93
2018-01-20 06:40;77;86;8;85
2018-01-20 06:50;70;78;8;78
2018-01-20 07:00;61;69;8;69
2018-01-20 07:10;52;62;9;61
2018-01-20 07:20;43;52;10;53
2018-01-20 07:30;34;41;10;44
2018-01-20 07:40;24;31;11;35
2018-01-20 07:50;15;20;9;24
2018-01-20 08:00;5;10;9;14
2018-01-20 08:10;-5;0;9;4
2018-01-20 08:20;-14;-11;8;-6
2018-01-20 08:30;-24;-20;8;-16
2018-01-20 08:40;-33;-28;7;-26
2018-01-20 08:50;-42;-36;7;-35
2018-01-20 09:00;-50;-43;8;-42
2018-01-20 09:10;-57;-48;9;-48
2018-01-20 09:20;-63;-53;10;-53
2018-01-20 09:30;-67;-57;10;-57
2018-01-20 09:40;-70;-59;11;-59
2018-01-20 09:50;-71;-61;10;-61
2018-01-20 10:00;-71;-61;10;-61
2018-01-20 10:10;-70;-60;10;-60
2018-01-20 10:20;-69;-58;10;-59
2018-01-20 10:30;-67;-54;10;-57
2018-01-20 10:40;-65;-53;9;-56
2018-01-20 10:50;-64;-52;9;-55
2018-01-20 11:00;-64;-52;8;-56
2018-01-20 11:10;-64;-52;7;-57
2018-01-20 11:20;-64;-54;6;-58
2018-01-20 11:30;-65;-55;4;-61
2018-01-20 11:40;-67;-57;3;-64
2018-01-20 11:50;-68;-59;2;-66
2018-01-20 12:00;-69;-60;7;-62
2018-01-20 12:10;-70;-61;7;-63
2018-01-20 12:20;-70;-62;7;-63
2018-01-20 12:30;-70;-62;6;-64
2018-01-20 12:40;-70;-63;5;-65
2018-01-20 12:50;-69;-63;5;-64
2018-01-20 13:00;-67;-63;3;-64
2018-01-20 13:10;-65;-63;2;-63
2018-01-20 13:20;-62;-61;0;-62
2018-01-20 13:30;-59;-60;-2;-61
2018-01-20 13:40;-55;-56;-4;-59
2018-01-20 13:50;-51;-53;-5;-56
2018-01-20 14:00;-46;-47;-4;-50
2018-01-20 14:10;-40;-41;-4;-44
2018-01-20 14:20;-34;-35;-2;-36
2018-01-20 14:30;-27;-26;0;-27
2018-01-20 14:40;-19;-17;1;-18
2018-01-20 14:50;-9;-7;4;-5
2018-01-20 15:00;2;6;7;9
2018-01-20 15:10;14;21;13;27
2018-01-20 15:20;27;38;21;48
2018-01-20 15:30;42;59;27;69
2018-01-20 15:40;57;79;34;91
2018-01-20 15:50;73;99;37;110
2018-01-20 16:00;87;119;39;126
2018-01-20 16:10;100;135;39;139
2018-01-20 16:20;111;147;37;148
2018-01-20 16:30;120;154;33;153
2018-01-20 16:40;126;157;27;153
2018-01-20 16:50;129;156;22;151
2018-01-20 17:00;131;153;13;144
2018-01-20 17:10;130;148;9;139
2018-01-20 17:20;128;144;6;134
2018-01-20 17:30;125;139;7;132
2018-01-20 17:40;122;133;7;129
2018-01-20 17:50;119;128;9;128
2018-01-20 18:00;115;127;11;126
2018-01-20 18:10;112;124;13;125
2018-01-20 18:20;108;120;15;123
2018-01-20 18:30;104;116;15;119
2018-01-20 18:40;99;111;15;114
2018-01-20 18:50;93;106;16;109
2018-01-20 19:00;86;101;16;102
2018-01-20 19:10;78;93;18;96
2018-01-20 19:20;70;87;20;90
2018-01-20 19:30;62;80;21;83
2018-01-20 19:40;53;72;23;76
2018-01-20 19:50;45;64;24;69
2018-01-20 20:00;37;57;25;62
2018-01-20 20:10;30;48;24;54
2018-01-20 20:20;22;42;25;47
2018-01-20 20:30;15;34;24;39
2018-01-20 20:40;8;26;22;30
2018-01-20 20:50;2;17;20;22
2018-01-20 21:00;-5;11;20;15
2018-01-20 21:10;-11;4;20;9
2018-01-20 21:20;-17;0;20;3
2018-01-20 21:30;-22;-4;20;-2
2018-01-20 21:40;-27;-8;22;-5
2018-01-20 21:50;-30;-10;22;-8
2018-01-20 22:00;-32;-11;22;-10
2018-01-20 22:10;-32;-11;22;-10
2018-01-20 22:20;-33;-9;24;-9
2018-01-20 22:30;-32;-7;23;-9
2018-01-20 22:40;-32;-5;25;-7
2018-01-20 22:50;-31;-4;24;-7
2018-01-20 23:00;-31;-3;23;-8
2018-01-20 23:10;-32;-3;23;-9
2018-01-20 23:20;-33;-5;22;-11
2018-01-20 23:30;-35;-7;22;-13
2018-01-20 23:40;-37;-10;21;-16
2018-01-20 23:50;-40;-14;21;-19
2018-01-21 00:00;-42;-14;29;-13
2018-01-21 00:10;-44;-14;30;-14
2018-01-21 00:20;-45;-14;30;-15
2018-01-21 00:30;-46;-14;32;-14
2018-01-21 00:40;-46;-12;31;-15
2018-01-21 00:50;-46;-12;32;-14
2018-01-21 01:00;-45;-12;32;-13
2018-01-21 01:10;-44;-11;32;-12
2018-01-21 01:20;-42;-12;30;-12
2018-01-21 01:30;-39;-11;28;-11
2018-01-21 01:40;-36;-7;26;-10
2018-01-21 01:50;-33;-5;26;-7
2018-01-21 02:00;-30;-2;25;-5
2018-01-21 02:10;-26;3;25;-1
2018-01-21 02:20;-22;7;24;2
2018-01-21 02:30;-17;12;23;6
2018-01-21 02:40;-13;16;25;12
2018-01-21 02:50;-7;21;24;17
2018-01-21 03:00;-1;27;24;23
2018-01-21 03:10;5;34;25;30
2018-01-21 03:20;13;40;25;38
2018-01-21 03:30;23;49;26;49
2018-01-21 03:40;33;60;29;62
2018-01-21 03:50;45;73;32;77
2018-01-21 04:00;57;87;41;98
2018-01-21 04:10;69;103;46;115
2018-01-21 04:20;80;118;49;129
2018-01-21 04:30;91;132;50;141
2018-01-21 04:40;99;144;50;149
2018-01-21 04:50;106;153;48;154
2018-01-21 05:00;111;157;45;156
2018-01-21 05:10;113;158;42;155
2018-01-21 05:20;114;156;40;154
2018-01-21 05:30;113;153;37;150
2018-01-21 05:40;110;148;37;147
2018-01-21 05:50;108;142;35;143
2018-01-21 06:00;104;136;30;134
2018-01-21 06:10;101;131;30;131
2018-01-21 06:20;98;127;31;129
2018-01-21 06:30;95;123;30;125
2018-01-21 06:40;92;118;29;121
2018-01-21 06:50;88;113;27;115
2018-01-21 07:00;83;108;26;109
2018-01-21 07:10;77;101;24;101
2018-01-21 07:20;71;94;22;93
2018-01-21 07:30;63;86;22;85
2018-01-21 07:40;55;76;21;76
2018-01-21 07:50;46;67;21;67
2018-01-21 08:00;36;58;21;57
2018-01-21 08:10;27;45;20;47
2018-01-21 08:20;17;33;19;36
2018-01-21 08:30;7;21;18;25
2018-01-21 08:40;-2;9;15;13
2018-01-21 08:50;-12;-1;14;2
2018-01-21 09:00;-21;-13;12;-9
2018-01-21 09:10;-31;-22;10;-21
2018-01-21 09:20;-40;-32;9;-31
2018-01-21 09:30;-48;-41;7;-41
2018-01-21 09:40;-56;-50;6;-50
2018-01-21 09:50;-62;-55;5;-57
2018-01-21 10:00;-67;-61;4;-63
2018-01-21 10:10;-71;-65;3;-68
2018-01-21 10:20;-73;-69;2;-71
2018-01-21 10:30;-73;-68;1;-72
2018-01-21 10:40;-73;-69;1;-72
2018-01-21 10:50;-72;-68;1;-71
2018-01-21 11:00;-70;-67;1;-69
2018-01-21 11:10;-68;-65;2;-66
2018-01-21 11:20;-66;-62;2;-64
2018-01-21 11:30;-65;-58;2;-63
2018-01-21 11:40;-64;-58;2;-62
2018-01-21 11:50;-64;-57;1;-63
2018-01-21 12:00;-65;-57;8;-57
2018-01-21 12:10;-66;-58;6;-60
2018-01-21 12:20;-67;-61;5;-62
2018-01-21 12:30;-69;-61;6;-63
2018-01-21 12:40;-70;-62;5;-65
2018-01-21 12:50;-71;-63;5;-66
2018-01-21 13:00;-72;-63;5;-67
2018-01-21 13:10;-72;-64;4;-68
2018-01-21 13:20;-72;-62;5;-67
2018-01-21 13:30;-71;-63;4;-67
2018-01-21 13:40;-69;-63;2;-67
2018-01-21 13:50;-67;-61;0;-67
2018-01-21 14:00;-64;-60;-3;-67
2018-01-21 14:10;-60;-61;-6;-66
2018-01-21 14:20;-55;-59;-9;-64
2018-01-21 14:30;-50;-57;-12;-62
2018-01-21 14:40;-44;-55;-15;-59
2018-01-21 14:50;-38;-51;-16;-54
2018-01-21 15:00;-31;-44;-17;-48
2018-01-21 15:10;-23;-38;-19;-42
2018-01-21 15:20;-15;-30;-18;-33
2018-01-21 15:30;-4;-21;-20;-24
2018-01-21 15:40;7;-11;-20;-13
2018-01-21 15:50;20;1;-18;2
2018-01-21 16:00;34;16;-15;19
2018-01-21 16:10;49;33;-11;38
2018-01-21 16:20;64;52;-6;58
2018-01-21 16:30;79;72;-2;77
2018-01-21 16:40;93;89;0;93
2018-01-21 16:50;105;104;1;106
2018-01-21 17:00;115;117;-2;113
2018-01-21 17:10;122;124;-4;118
2018-01-21 17:20;126;126;-6;120
2018-01-21 17:30;128;125;-10;118
2018-01-21 17:40;128;123;-13;115
2018-01-21 17:50;126;119;-15;111
2018-01-21 18:00;123;114;-17;106
2018-01-21 18:10;120;108;-18;102
2018-01-21 18:20;116;102;-16;100
2018-01-21 18:30;112;99;-14;98
2018-01-21 18:40;109;95;-12;97
2018-01-21 18:50;106;90;-12;94
2018-01-21 19:00;102;86;-11;91
2018-01-21 19:10;98;81;-11;87
2018-01-21 19:20;93;75;-12;81
2018-01-21 19:30;88;68;-15;73
2018-01-21 19:40;81;61;-15;66
2018-01-21 19:50;74;54;-15;59
2018-01-21 20:00;66;46;-15;51
2018-01-21 20:10;58;38;-14;44
2018-01-21 20:20;50;31;-14;36
2018-01-21 20:30;41;22;-14;27
2018-01-21 20:40;33;12;-14;19
2018-01-21 20:50;26;4;-17;9
2018-01-21 21:00;18;-5;-18;0
2018-01-21 21:10;11;-14;-20;-9
2018-01-21 21:20;4;-20;-23;-19
2018-01-21 21:30;-3;-30;-25;-28
2018-01-21 21:40;-9;-37;-28;-37
2018-01-21 21:50;-15;-44;-30;-45
2018-01-21 22:00;-21;-50;-31;-52
2018-01-21 22:10;-25;-57;-33;-58
2018-01-21 22:20;-28;-61;-35;-63
2018-01-21 22:30;-31;-63;-36;-67
2018-01-21 22:40;-32;-65;-37;-69
2018-01-21 22:50;-32;-63;-39;-71
2018-01-21 23:00;-32;-62;-39;-71
2018-01-21 23:10;-31;-63;-39;-70
2018-01-21 23:20;-31;-61;-38;-69
2018-01-21 23:30;-30;-61;-38;-68
2018-01-21 23:40;-31;-62;-37;-68
2018-01-21 23:50;-31;-65;-37;-68
2018-01-22 00:00;-33;-66;-37;-70
2018-01-22 00:10;-35;-70;-37;-72
2018-01-22 00:20;-37;-71;-38;-75
2018-01-22 00:30;-39;-72;-32;-71
2018-01-22 00:40;-41;-75;-33;-74
2018-01-22 00:50;-43;-75;-34;-77
2018-01-22 01:00;-45;-77;-33;-78
2018-01-22 01:10;-46;-79;-33;-79
2018-01-22 01:20;-47;-80;-33;-80
2018-01-22 01:30;-47;-82;-33;-80
2018-01-22 01:40;-46;-82;-34;-80
2018-01-22 01:50;-44;-82;-36;-80
2018-01-22 02:00;-42;-83;-38;-80
2018-01-22 02:10;-40;-85;-40;-80
2018-01-22 02:20;-36;-81;-43;-79
2018-01-22 02:30;-32;-78;-45;-77
2018-01-22 02:40;-28;-78;-46;-74
2018-01-22 02:50;-24;-76;-47;-71
2018-01-22 03:00;-19;-69;-46;-65
2018-01-22 03:10;-14;-60;-44;-58
2018-01-22 03:20;-9;-54;-40;-49
2018-01-22 03:30;-3;-46;-37;-40
2018-01-22 03:40;3;-37;-31;-28
2018-01-22 03:50;10;-24;-24;-14
2018-01-22 04:00;19;-11;-17;2
2018-01-22 04:10;28;2;-7;21
2018-01-22 04:20;39;18;1;40
2018-01-22 04:30;50;37;8;58
2018-01-22 04:40;62;57;12;74
2018-01-22 04:50;73;72;14;87
2018-01-22 05:00;84;84;14;98
2018-01-22 05:10;93;96;12;105
2018-01-22 05:20;101;103;7;108
2018-01-22 05:30;107;105;2;109
2018-01-22 05:40;110;105;-2;108
2018-01-22 05:50;111;103;-5;106
2018-01-22 06:00;110;101;-9;101
2018-01-22 06:10;108;96;-12;96
2018-01-22 06:20;105;92;-13;92
2018-01-22 06:30;102;88;-14;88
2018-01-22 06:40;98;83;-15;83
2018-01-22 06:50;94;80;-14;80
2018-01-22 07:00;91;75;-16;75
2018-01-22 07:10;87;71;-16;71
2018-01-22 07:20;84;64;-19;65
2018-01-22 07:30;80;58;-20;60
2018-01-22 07:40;75;50;-21;54
2018-01-22 07:50;69;44;-20;49
2018-01-22 08:00;63;37;-20;43
2018-01-22 08:10;56;30;-20;36
2018-01-22 08:20;48;23;-18;30
2018-01-22 08:30;39;16;-16;23
2018-01-22 08:40;30;9;-15;15
2018-01-22 08:50;20;2;-11;9
2018-01-22 09:00;11;-7;-11;0
2018-01-22 09:10;1;-16;-9;-8
2018-01-22 09:20;-9;-25;-7;-16
2018-01-22 09:30;-18;-32;-7;-25
2018-01-22 09:40;-28;-40;-6;-34
2018-01-22 09:50;-37;-46;-5;-42
2018-01-22 10:00;-46;-53;-1;-47
2018-01-22 10:10;-54;-59;1;-53
2018-01-22 10:20;-61;-64;2;-59
2018-01-22 10:30;-67;-67;4;-63
2018-01-22 10:40;-72;-71;6;-66
2018-01-22 10:50;-75;-72;7;-68
2018-01-22 11:00;-76;-73;7;-69
2018-01-22 11:10;-77;-73;9;-68
2018-01-22 11:20;-76;-70;9;-67
2018-01-22 11:30;-74;-67;10;-64
2018-01-22 11:40;-73;-66;10;-63
2018-01-22 11:50;-70;-65;8;-62
2018-01-22 12:00;-69;-64;7;-62
2018-01-22 12:10;-67;-64;4;-63
2018-01-22 12:20;-66;-66;2;-64
2018-01-22 12:30;-66;-68;0;-66
2018-01-22 12:40;-66;-70;-4;-70
2018-01-22 12:50;-66;-70;-6;-72
2018-01-22 13:00;-67;-72;-7;-74
2018-01-22 13:10;-68;-73;-7;-75
2018-01-22 13:20;-69;-74;-6;-75
2018-01-22 13:30;-70;-75;-5;-75
2018-01-22 13:40;-70;-73;-4;-74
2018-01-22 13:50;-71;-73;-3;-74
2018-01-22 14:00;-70;-71;-2;-72
2018-01-22 14:10;-70;-68;-1;-71
2018-01-22 14:20;-68;-66;0;-68
2018-01-22 14:30;-66;-65;-2;-68
2018-01-22 14:40;-62;-61;-3;-65
2018-01-22 14:50;-59;-57;-1;-60
2018-01-22 15:00;-54;-53;0;-54
2018-01-22 15:10;-49;-46;2;-47
2018-01-22 15:20;-43;-39;5;-38
2018-01-22 15:30;-37;-30;8;-29
2018-01-22 15:40;-30;-19;12;-18
2018-01-22 15:50;-21;-7;16;-5
2018-01-22 16:00;-12;5;22;10
2018-01-22 16:10;-1;21;28;27
2018-01-22 16:20;11;37;35;46
2018-01-22 16:30;24;56;42;66
2018-01-22 16:40;38;76;47;85
2018-01-22 16:50;53;95;51;104
2018-01-22 17:00;68;113;52;120
2018-01-22 17:10;83;130;50;133
2018-01-22 17:20;96;143;48;144
2018-01-22 17:30;107;152;44;151
2018-01-22 17:40;116;159;38;154
2018-01-22 17:50;123;160;32;155
2018-01-22 18:00;126;159;28;154
2018-01-22 18:10;127;155;24;151
2018-01-22 18:20;126;150;21;147
2018-01-22 18:30;124;144;21;145
2018-01-22 18:40;120;139;21;141
2018-01-22 18:50;116;135;22;138
2018-01-22 19:00;112;133;24;136
2018-01-22 19:10;108;131;26;134
2018-01-22 19:20;104;127;28;132
2018-01-22 19:30;100;124;29;129
2018-01-22 19:40;96;120;29;125
2018-01-22 19:50;92;115;29;121
2018-01-22 20:00;87;110;30;117
2018-01-22 20:10;82;104;29;111
2018-01-22 20:20;76;99;29;105
2018-01-22 20:30;69;93;30;99
2018-01-22 20:40;62;87;30;92
2018-01-22 20:50;54;81;32;86
2018-01-22 21:00;46;75;34;80
2018-01-22 21:10;39;68;34;73
2018-01-22 21:20;31;62;35;66
2018-01-22 21:30;23;56;36;59
2018-01-22 21:40;15;48;37;52
2018-01-22 21:50;7;41;36;43
2018-01-22 22:00;0;33;36;36
2018-01-22 22:10;-7;26;36;29
2018-01-22 22:20;-14;20;36;22
2018-01-22 22:30;-20;15;35;15
2018-01-22 22:40;-25;9;35;10
2018-01-22 22:50;-29;4;33;4
2018-01-22 23:00;-32;2;34;2
2018-01-22 23:10;-34;-1;33;-1
2018-01-22 23:20;-34;-3;32;-2
2018-01-22 23:30;-34;-4;32;-2
2018-01-22 23:40;-34;-5;30;-4
2018-01-22 23:50;-33;-6;29;-4
2018-01-23 00:00;-33;-7;33;0
2018-01-23 00:10;-32;-8;29;-3
2018-01-23 00:20;-32;-10;27;-5
2018-01-23 00:30;-33;-12;25;-8
2018-01-23 00:40;-34;-14;22;-12
2018-01-23 00:50;-35;-17;19;-16
2018-01-23 01:00;-37;-17;19;-18
2018-01-23 01:10;-39;-19;19;-20
2018-01-23 01:20;-41;-20;21;-20
2018-01-23 01:30;-42;-20;22;-20
2018-01-23 01:40;-43;-21;23;-20
2018-01-23 01:50;-44;-22;25;-19
2018-01-23 02:00;-45;-21;27;-18
2018-01-23 02:10;-45;-21;27;-18
2018-01-23 02:20;-44;-20;26;-18
2018-01-23 02:30;-43;-20;26;-17
2018-01-23 02:40;-41;-18;24;-17
2018-01-23 02:50;-38;-18;22;-16
2018-01-23 03:00;-35;-17;20;-15
2018-01-23 03:10;-31;-15;16;-15
2018-01-23 03:20;-27;-12;14;-13
2018-01-23 03:30;-22;-10;11;-11
2018-01-23 03:40;-17;-5;10;-7
2018-01-23 03:50;-12;-1;8;-4
2018-01-23 04:00;-6;3;6;0
2018-01-23 04:10;0;8;5;5
2018-01-23 04:20;6;12;4;10
2018-01-23 04:30;14;17;2;16
2018-01-23 04:40;22;24;2;24
2018-01-23 04:50;32;32;1;33
2018-01-23 05:00;42;42;2;44
2018-01-23 05:10;53;54;3;56
2018-01-23 05:20;64;68;6;70
2018-01-23 05:30;75;83;16;91
2018-01-23 05:40;85;96;18;103
2018-01-23 05:50;94;108;19;113
2018-01-23 06:00;101;116;19;120
2018-01-23 06:10;106;124;19;125
2018-01-23 06:20;109;126;17;126
2018-01-23 06:30;110;125;16;126
2018-01-23 06:40;109;124;15;124
2018-01-23 06:50;106;120;15;121
2018-01-23 07:00;103;115;14;117
2018-01-23 07:10;99;110;15;114
2018-01-23 07:20;95;106;18;113
2018-01-23 07:30;91;102;19;110
2018-01-23 07:40;87;97;20;107
2018-01-23 07:50;83;93;20;103
2018-01-23 08:00;78;86;21;99
2018-01-23 08:10;74;81;18;92
2018-01-23 08:20;69;75;16;85
2018-01-23 08:30;63;66;15;78
2018-01-23 08:40;57;58;13;70
2018-01-23 08:50;49;49;12;61
2018-01-23 09:00;42;40;9;51
2018-01-23 09:10;34;32;9;43
2018-01-23 09:20;25;24;7;32
2018-01-23 09:30;16;15;7;23
2018-01-23 09:40;7;5;5;12
2018-01-23 09:50;-3;-5;5;2
2018-01-23 10:00;-12;-13;4;-8
2018-01-23 10:10;-22;-22;4;-18
2018-01-23 10:20;-32;-33;4;-28
2018-01-23 10:30;-41;;1;-40
2018-01-23 10:40;-50;;2;-48
2018-01-23 10:50;-58;;1;-57
2018-01-23 11:00;-65;;1;-64
2018-01-23 11:10;-71;;0;-71
2018-01-23 11:20;-75;;-3;-78
2018-01-23 11:30;-78;;-4;-82
2018-01-23 11:40;-80;;-6;-86
2018-01-23 11:50;-80;;-8;-88
2018-01-23 12:00;-80;;-9;-89
2018-01-23 12:10;-79;;-11;-90
2018-01-23 12:20;-77;;-13;-90
2018-01-23 12:30;-75;;-15;-90
2018-01-23 12:40;-73;;-16;-89
2018-01-23 12:50;-71;;-17;-88
2018-01-23 13:00;-70;;-19;-89
2018-01-23 13:10;-69;;-21;-90
2018-01-23 13:20;-68;;-23;-91
2018-01-23 13:30;-67;;-25;-92
2018-01-23 13:40;-67;;-27;-94
2018-01-23 13:50;-66;;-29;-95
2018-01-23 14:00;-66;;-30;-96
2018-01-23 14:10;-66;;-30;-96
2018-01-23 14:20;-67;;-29;-96
2018-01-23 14:30;-67;;-29;-96
2018-01-23 14:40;-66;;-31;-97
2018-01-23 14:50;-65;;-32;-97
2018-01-23 15:00;-64;;-34;-98
2018-01-23 15:10;-62;;-37;-99
2018-01-23 15:20;-60;;-40;-100
2018-01-23 15:30;-56;;-43;-99
2018-01-23 15:40;-52;;-45;-97
2018-01-23 15:50;-48;;-46;-94
2018-01-23 16:00;-42;;-47;-89
2018-01-23 16:10;-36;;-45;-81
2018-01-23 16:20;-30;;-41;-71
2018-01-23 16:30;-22;;-38;-60
2018-01-23 16:40;-13;;-35;-48
2018-01-23 16:50;-3;;-32;-35
2018-01-23 17:00;9;;-28;-19
2018-01-23 17:10;22;;-25;-3
2018-01-23 17:20;36;;-23;13
2018-01-23 17:30;51;;-21;30
2018-01-23 17:40;66;;-22;44
2018-01-23 17:50;80;;-22;58
2018-01-23 18:00;93;;-25;68
2018-01-23 18:10;104;;-29;75
2018-01-23 18:20;113;;-33;80
2018-01-23 18:30;120;;-38;82
2018-01-23 18:40;124;;-43;81
2018-01-23 18:50;125;;-47;78
2018-01-23 19:00;125;;-49;76
2018-01-23 19:10;123;;-50;73
2018-01-23 19:20;120;;-50;70
2018-01-23 19:30;116;;-48;68
2018-01-23 19:40;112;;-44;68
2018-01-23 19:50;107;;-41;66
2018-01-23 20:00;103;;-39;64
2018-01-23 20:10;99;;-38;61
2018-01-23 20:20;94;;-36;58
2018-01-23 20:30;90;;-36;54
2018-01-23 20:40;84;;-35;49
2018-01-23 20:50;79;;-36;43
2018-01-23 21:00;73;;-35;38
2018-01-23 21:10;66;;-34;32
2018-01-23 21:20;60;;-34;26
2018-01-23 21:30;53;;-32;21
2018-01-23 21:40;45;;-31;14
2018-01-23 21:50;38;;-30;8
2018-01-23 22:00;31;;-30;1
2018-01-23 22:10;23;;-29;-6
2018-01-23 22:20;15;;-28;-13
2018-01-23 22:30;7;;-27;-20
2018-01-23 22:40;-1;;-25;-26
2018-01-23 22:50;-8;;-22;-30
2018-01-23 23:00;-15;;-19;-34
2018-01-23 23:10;-21;;-16;-37
2018-01-23 23:20;-27;;-12;-39
2018-01-23 23:30;-31;;-9;-40
2018-01-23 23:40;-34;;-6;-40
2018-01-23 23:50;-36;;-4;-40
2018-01-24 00:00;-37;;-2;-39
2018-01-24 00:10;-38;;-1;-39
2018-01-24 00:20;-37;;-1;-38
2018-01-24 00:30;-37;;-2;-39
2018-01-24 00:40;-37;;-3;-40
2018-01-24 00:50;-36;;-7;-43
2018-01-24 01:00;-36;;-10;-46
2018-01-24 01:10;-37;;-13;-50
2018-01-24 01:20;-37;;-18;-55
2018-01-24 01:30;-38;;-21;-59
2018-01-24 01:40;-39;;-24;-63
2018-01-24 01:50;-40;;-26;-66
2018-01-24 02:00;-40;;-27;-67
2018-01-24 02:10;-41;;-27;-68
2018-01-24 02:20;-41;;-26;-67
2018-01-24 02:30;-42;;-24;-66
2018-01-24 02:40;-42;;-22;-64
2018-01-24 02:50;-41;;-20;-61
2018-01-24 03:00;-41;;-18;-59
2018-01-24 03:10;-40;;-16;-56
2018-01-24 03:20;-38;;-16;-54
2018-01-24 03:30;-36;;-15;-51
2018-01-24 03:40;-33;;-15;-48
2018-01-24 03:50;-29;;-15;-44
2018-01-24 04:00;-25;;-14;-39
2018-01-24 04:10;-21;;-12;-33
2018-01-24 04:20;-17;;-9;-26
2018-01-24 04:30;-12;;-6;-18
2018-01-24 04:40;-6;;-3;-9
2018-01-24 04:50;-1;;2;1
2018-01-24 05:00;6;;6;12
2018-01-24 05:10;13;;10;23
2018-01-24 05:20;21;;14;35
2018-01-24 05:30;30;;17;47
2018-01-24 05:40;39;;22;61
2018-01-24 05:50;50;;23;73
2018-01-24 06:00;60;;24;84
2018-01-24 06:10;71;;22;93
2018-01-24 06:20;80;;21;101
2018-01-24 06:30;89;;17;106
2018-01-24 06:40;96;;12;108
2018-01-24 06:50;102;;6;108
2018-01-24 07:00;105;;2;107
2018-01-24 07:10;107;;-2;105
2018-01-24 07:20;107;;-4;103
2018-01-24 07:30;106;;-5;101
2018-01-24 07:40;103;;-3;100
2018-01-24 07:50;100;;-3;97
2018-01-24 08:00;96;;0;96
2018-01-24 08:10;92;;1;93
2018-01-24 08:20;88;;2;90
2018-01-24 08:30;83;;3;86
2018-01-24 08:40;78;;3;81
2018-01-24 08:50;73;;3;76
2018-01-24 09:00;68;;1;69
2018-01-24 09:10;61;;1;62
2018-01-24 09:20;55;;-1;54
2018-01-24 09:30;48;;-1;47
2018-01-24 09:40;41;;-2;39
2018-01-24 09:50;33;;-2;31
2018-01-24 10:00;25;;-3;22
2018-01-24 10:10;17;;-3;14
2018-01-24 10:20;8;;-2;6
2018-01-24 10:30;-1;;-2;-3
2018-01-24 10:40;-10;;-1;-11
2018-01-24 10:50;-20;;1;-19
2018-01-24 11:00;-29;;2;-27
2018-01-24 11:10;-39;;5;-34
2018-01-24 11:20;-48;;7;-41
2018-01-24 11:30;-56;;9;-47
2018-01-24 11:40;-63;;10;-53
2018-01-24 11:50;-69;;11;-58
2018-01-24 12:00;-74;;12;-62
2018-01-24 12:10;-78;;12;-66
2018-01-24 12:20;-80;;11;-69
2018-01-24 12:30;-82;;10;-72
2018-01-24 12:40;-82;;8;-74
2018-01-24 12:50;-82;;6;-76
2018-01-24 13:00;-81;;4;-77
2018-01-24 13:10;-79;;1;-78
2018-01-24 13:20;-78;;-1;-79
2018-01-24 13:30;-76;;-3;-79
2018-01-24 13:40;-75;;-5;-80
2018-01-24 13:50;-73;;-8;-81
2018-01-24 14:00;-71;;-13;-84
2018-01-24 14:10;-69;;-18;-87
2018-01-24 14:20;-68;;-20;-88
2018-01-24 14:30;-66;;-24;-90
2018-01-24 14:40;-65;;-27;-92
2018-01-24 14:50;-64;;-28;-92
2018-01-24 15:00;-63;;-29;-92
2018-01-24 15:10;-62;;-28;-90
2018-01-24 15:20;-61;;-27;-88
2018-01-24 15:30;-60;;-24;-84
2018-01-24 15:40;-59;;-22;-81
2018-01-24 15:50;-58;;-19;-77
2018-01-24 16:00;-56;;-16;-72
2018-01-24 16:10;-53;;-13;-66
2018-01-24 16:20;-50;;-9;-59
2018-01-24 16:30;-47;;-3;-50
2018-01-24 16:40;-43;;2;-41
2018-01-24 16:50;-38;;9;-29
2018-01-24 17:00;-32;;16;-16
2018-01-24 17:10;-26;;25;-1
2018-01-24 17:20;-18;;33;15
2018-01-24 17:30;-9;;40;31
2018-01-24 17:40;1;;46;47
2018-01-24 17:50;13;;47;60
2018-01-24 18:00;26;;45;71
2018-01-24 18:10;39;;42;81
2018-01-24 18:20;53;;36;89
2018-01-24 18:30;67;;29;96
2018-01-24 18:40;80;;21;101
2018-01-24 18:50;91;;14;105
2018-01-24 19:00;101;;6;107
2018-01-24 19:10;109;;2;111
2018-01-24 19:20;115;;-4;111
2018-01-24 19:30;118;;-11;107
2018-01-24 19:40;120;;-12;108
2018-01-24 19:50;120;;-12;108
2018-01-24 20:00;119;;-18;101
2018-01-24 20:10;117;;-21;96
2018-01-24 20:20;114;;-21;93
2018-01-24 20:30;111;;-21;90
2018-01-24 20:40;107;;-21;86
2018-01-24 20:50;102;;-20;82
2018-01-24 21:00;98;;-22;76
2018-01-24 21:10;92;;-21;71
2018-01-24 21:20;87;;-23;64
2018-01-24 21:30;81;;-22;59
2018-01-24 21:40;75;;-23;52
2018-01-24 21:50;68;;-24;44
2018-01-24 22:00;62;;-25;37
2018-01-24 22:10;55;;-24;31
2018-01-24 22:20;49;;-22;27
2018-01-24 22:30;42;;-22;20
2018-01-24 22:40;35;;-23;12
2018-01-24 22:50;28;;-23;5
2018-01-24 23:00;20;;-20;0
2018-01-24 23:10;13;;-19;-6
2018-01-24 23:20;5;;-18;-13
2018-01-24 23:30;-3;;-15;-18
2018-01-24 23:40;-10;;-12;-22
2018-01-24 23:50;-17;;-9;-26
2018-01-25 00:00;-23;;-9;-32
2018-01-25 00:10;-28;;-9;-37
2018-01-25 00:20;-32;;-7;-39
2018-01-25 00:30;-35;;-6;-41
2018-01-25 00:40;-37;;-10;-47
2018-01-25 00:50;-38;;-14;-52
2018-01-25 01:00;-39;;-13;-52
2018-01-25 01:10;-39;;-13;-52
2018-01-25 01:20;-40;;-14;-54
2018-01-25 01:30;-40;;-16;-56
2018-01-25 01:40;-40;;-19;-59
2018-01-25 01:50;-41;;-20;-61
2018-01-25 02:00;-41;;-22;-63
2018-01-25 02:10;-42;;-20;-62
2018-01-25 02:20;-42;;-21;-63
2018-01-25 02:30;-42;;-21;-63
2018-01-25 02:40;-41;;-22;-63
2018-01-25 02:50;-41;;-23;-64
2018-01-25 03:00;-40;;-22;-62
2018-01-25 03:10;-40;;-20;-60
2018-01-25 03:20;-39;;-20;-59
2018-01-25 03:30;-39;;-18;-57
2018-01-25 03:40;-38;;-15;-53
2018-01-25 03:50;-37;;-13;-50
2018-01-25 04:00;-35;;-11;-46
2018-01-25 04:10;-34;;-6;-40
2018-01-25 04:20;-32;;-3;-35
2018-01-25 04:30;-29;;1;-28
2018-01-25 04:40;-26;;4;-22
2018-01-25 04:50;-23;;9;-14
2018-01-25 05:00;-19;;12;-7
2018-01-25 05:10;-15;;16;1
2018-01-25 05:20;-10;;19;9
2018-01-25 05:30;-5;;24;19
2018-01-25 05:40;0;;29;29
2018-01-25 05:50;6;;34;40
2018-01-25 06:00;13;;41;54
2018-01-25 06:10;20;;48;68
2018-01-25 06:20;29;;53;82
2018-01-25 06:30;38;;58;96
2018-01-25 06:40;47;;61;108
2018-01-25 06:50;57;;61;118
2018-01-25 07:00;67;;59;126
2018-01-25 07:10;76;;55;131
2018-01-25 07:20;83;;52;135
2018-01-25 07:30;90;;46;136
2018-01-25 07:40;95;;41;136
2018-01-25 07:50;99;;38;137
2018-01-25 08:00;102;;33;135
2018-01-25 08:10;103;;30;133
2018-01-25 08:20;103;;28;131
2018-01-25 08:30;101;;27;128
2018-01-25 08:40;99;;28;127
2018-01-25 08:50;97;;28;125
2018-01-25 09:00;93;;28;121
2018-01-25 09:10;89;;29;118
2018-01-25 09:20;84;;30;114
2018-01-25 09:30;79;;30;109
2018-01-25 09:40;73;;31;104
2018-01-25 09:50;67;;30;97
2018-01-25 10:00;60;;31;91
2018-01-25 10:10;53;;33;86
2018-01-25 10:20;46;;33;79
2018-01-25 10:30;39;;32;71
2018-01-25 10:40;32;;31;63
2018-01-25 10:50;24;;31;55
2018-01-25 11:00;16;;30;46
2018-01-25 11:10;8;;29;37
2018-01-25 11:20;0;;28;28
2018-01-25 11:30;-9;;28;19
2018-01-25 11:40;-18;;29;11
2018-01-25 11:50;-27;;29;2
2018-01-25 12:00;-36;;30;-6
2018-01-25 12:10;-44;;31;-13
2018-01-25 12:20;-52;;32;-20
2018-01-25 12:30;-59;;32;-27
2018-01-25 12:40;-65;;31;-34
2018-01-25 12:50;-69;;30;-39
2018-01-25 13:00;-73;;29;-44
2018-01-25 13:10;-76;;27;-49
2018-01-25 13:20;-78;;26;-52
2018-01-25 13:30;-79;;27;-52
2018-01-25 13:40;-80;;28;-52
2018-01-25 13:50;-80;;27;-53
2018-01-25 14:00;-79;;27;-52
2018-01-25 14:10;-79;;28;-51
2018-01-25 14:20;-77;;27;-50
2018-01-25 14:30;-76;;27;-49
2018-01-25 14:40;-74;;25;-49
2018-01-25 14:50;-72;;23;-49
2018-01-25 15:00;-69;;19;-50
2018-01-25 15:10;-67;;15;-52
2018-01-25 15:20;-65;;12;-53
2018-01-25 15:30;-63;;9;-54
2018-01-25 15:40;-61;;6;-55
2018-01-25 15:50;-59;;4;-55
2018-01-25 16:00;-58;;2;-56
2018-01-25 16:10;-57;;1;-56
2018-01-25 16:20;-56;;0;-56
2018-01-25 16:30;-55;;0;-55
2018-01-25 16:40;-53;;-1;-54
2018-01-25 16:50;-52;;1;-51
2018-01-25 17:00;-50;;2;-48
2018-01-25 17:10;-48;;5;-43
2018-01-25 17:20;-45;;7;-38
2018-01-25 17:30;-42;;11;-31
2018-01-25 17:40;-38;;15;-23
2018-01-25 17:50;-33;;19;-14
2018-01-25 18:00;-28;;24;-4
2018-01-25 18:10;-21;;29;8
2018-01-25 18:20;-13;;34;21
2018-01-25 18:30;-3;;40;37
2018-01-25 18:40;7;;45;52
2018-01-25 18:50;19;;48;67
2018-01-25 19:00;31;;50;81
2018-01-25 19:10;43;;49;92
2018-01-25 19:20;56;;45;101
2018-01-25 19:30;67;;43;110
2018-01-25 19:40;78;;37;115
2018-01-25 19:50;88;;30;118
2018-01-25 20:00;96;;24;120
2018-01-25 20:10;102;;19;121
2018-01-25 20:20;107;;13;120
2018-01-25 20:30;111;;7;118
2018-01-25 20:40;113;;5;118
2018-01-25 20:50;114;;5;119
2018-01-25 21:00;114;;1;115
2018-01-25 21:10;113;;-2;111
2018-01-25 21:20;111;;0;111
2018-01-25 21:30;108;;1;109
2018-01-25 21:40;104;;2;106
2018-01-25 21:50;100;;4;104
2018-01-25 22:00;94;;6;100
2018-01-25 22:10;88;;8;96
2018-01-25 22:20;82;;10;92
2018-01-25 22:30;76;;10;86
2018-01-25 22:40;70;;10;80
2018-01-25 22:50;64;;10;74
2018-01-25 23:00;58;;10;68
2018-01-25 23:10;52;;10;62
2018-01-25 23:20;46;;11;57
2018-01-25 23:30;39;;11;50
2018-01-25 23:40;32;;11;43
2018-01-25 23:50;25;;11;36
2018-01-26 00:00;18;;11;29
2018-01-26 00:10;10;;12;22
2018-01-26 00:20;3;;11;14
2018-01-26 00:30;-4;;12;8
2018-01-26 00:40;-11;;13;2
2018-01-26 00:50;-17;;14;-3
2018-01-26 01:00;-22;;15;-7
2018-01-26 01:10;-26;;14;-12
2018-01-26 01:20;-30;;15;-15
2018-01-26 01:30;-32;;15;-17
2018-01-26 01:40;-35;;17;-18
2018-01-26 01:50;-36;;17;-19
2018-01-26 02:00;-38;;19;-19
2018-01-26 02:10;-40;;21;-19
2018-01-26 02:20;-41;;20;-21
2018-01-26 02:30;-42;;20;-22
2018-01-26 02:40;-43;;20;-23
2018-01-26 02:50;-44;;18;-26
2018-01-26 03:00;-44;;16;-28
2018-01-26 03:10;-44;;14;-30
2018-01-26 03:20;-43;;13;-30
2018-01-26 03:30;-42;;11;-31
2018-01-26 03:40;-41;;7;-34
2018-01-26 03:50;-40;;5;-35
2018-01-26 04:00;-39;;3;-36
2018-01-26 04:10;-38;;1;-37
2018-01-26 04:20;-37;;0;-37
2018-01-26 04:30;-36;;-1;-37
2018-01-26 04:40;-35;;-2;-37
2018-01-26 04:50;-34;;-2;-36
2018-01-26 05:00;-32;;-3;-35
2018-01-26 05:10;-31;;-2;-33
2018-01-26 05:20;-29;;0;-29
2018-01-26 05:30;-26;;0;-26
2018-01-26 05:40;-24;;2;-22
2018-01-26 05:50;-21;;4;-17
2018-01-26 06:00;-18;;5;-13
2018-01-26 06:10;-14;;6;-8
2018-01-26 06:20;-10;;8;-2
2018-01-26 06:30;-6;;10;4
2018-01-26 06:40;-1;;11;10
2018-01-26 06:50;5;;12;17
2018-01-26 07:00;11;;15;26
2018-01-26 07:10;18;;17;35
2018-01-26 07:20;26;;19;45
2018-01-26 07:30;35;;20;55
2018-01-26 07:40;44;;22;66
2018-01-26 07:50;53;;21;74
2018-01-26 08:00;61;;20;81
2018-01-26 08:10;69;;19;88
2018-01-26 08:20;76;;18;94
2018-01-26 08:30;83;;14;97
2018-01-26 08:40;88;;12;100
2018-01-26 08:50;92;;10;102
2018-01-26 09:00;96;;6;102
2018-01-26 09:10;98;;4;102
2018-01-26 09:20;99;;2;101
2018-01-26 09:30;99;;2;101
2018-01-26 09:40;98;;2;100
2018-01-26 09:50;96;;0;96
2018-01-26 10:00;93;;0;93
2018-01-26 10:10;89;;2;91
2018-01-26 10:20;84;;3;87
2018-01-26 10:30;79;;4;83
2018-01-26 10:40;73;;5;78
2018-01-26 10:50;66;;6;72
2018-01-26 11:00;60;;6;66
2018-01-26 11:10;53;;6;59
2018-01-26 11:20;46;;7;53
2018-01-26 11:30;39;;7;46
2018-01-26 11:40;33;;6;39
2018-01-26 11:50;26;;5;31
2018-01-26 12:00;19;;4;23
2018-01-26 12:10;11;;4;15
2018-01-26 12:20;3;;4;7
2018-01-26 12:30;-5;;4;-1
2018-01-26 12:40;-13;;4;-9
2018-01-26 12:50;-21;;4;-17
2018-01-26 13:00;-29;;5;-24
2018-01-26 13:10;-37;;6;-31
2018-01-26 13:20;-44;;7;-37
2018-01-26 13:30;-50;;6;-44
2018-01-26 13:40;-56;;7;-49
2018-01-26 13:50;-60;;6;-54
2018-01-26 14:00;-64;;5;-59
2018-01-26 14:10;-68;;6;-62
2018-01-26 14:20;-70;;6;-64
2018-01-26 14:30;-72;;6;-66
2018-01-26 14:40;-74;;8;-66
2018-01-26 14:50;-75;;9;-66
2018-01-26 15:00;-75;;9;-66
2018-01-26 15:10;-74;;8;-66
2018-01-26 15:20;-73;;8;-65
2018-01-26 15:30;-72;;8;-64
2018-01-26 15:40;-70;;7;-63
2018-01-26 15:50;-68;;5;-63
2018-01-26 16:00;-65;;2;-63
2018-01-26 16:10;-63;;0;-63
2018-01-26 16:20;-61;;-3;-64
2018-01-26 16:30;-59;;-5;-64
2018-01-26 16:40;-57;;-7;-64
2018-01-26 16:50;-55;;-9;-64
2018-01-26 17:00;-54;;-11;-65
2018-01-26 17:10;-53;;-12;-65
2018-01-26 17:20;-53;;-13;-66
2018-01-26 17:30;-52;;-13;-65
2018-01-26 17:40;-51;;-12;-63
2018-01-26 17:50;-50;;-11;-61
2018-01-26 18:00;-49;;-9;-58
2018-01-26 18:10;-47;;-7;-54
2018-01-26 18:20;-45;;-6;-51
2018-01-26 18:30;-42;;-5;-47
2018-01-26 18:40;-39;;-2;-41
2018-01-26 18:50;-34;;-1;-35
2018-01-26 19:00;-29;;0;-29
2018-01-26 19:10;-23;;2;-21
2018-01-26 19:20;-15;;2;-13
2018-01-26 19:30;-6;;2;-4
2018-01-26 19:40;3;;4;7
2018-01-26 19:50;13;;7;20
2018-01-26 20:00;24;;8;32
2018-01-26 20:10;35;;10;45
2018-01-26 20:20;46;;11;57
2018-01-26 20:30;56;;12;68
2018-01-26 20:40;66;;11;77
2018-01-26 20:50;75;;9;84
2018-01-26 21:00;84;;5;89
2018-01-26 21:10;91;;3;94
2018-01-26 21:20;97;;-1;96
2018-01-26 21:30;102;;-5;97
2018-01-26 21:40;106;;-9;97
2018-01-26 21:50;109;;-12;97
2018-01-26 22:00;110;;-15;95
2018-01-26 22:10;110;;-17;93
2018-01-26 22:20;109;;-15;94
2018-01-26 22:30;107;;-14;93
2018-01-26 22:40;103;;-15;88
2018-01-26 22:50;99;;-15;84
2018-01-26 23:00;94;;-11;83
2018-01-26 23:10;88;;-8;80
2018-01-26 23:20;83;;-7;76
2018-01-26 23:30;77;;-6;71
2018-01-26 23:40;72;;-6;66
2018-01-26 23:50;66;;-6;60
2018-01-27 00:00;61;;-7;54
2018-01-27 00:10;55;;-8;47
2018-01-27 00:20;50;;-10;40
2018-01-27 00:30;44;;-11;33
2018-01-27 00:40;37;;-10;27
2018-01-27 00:50;31;;-11;20
2018-01-27 01:00;24;;-13;11
2018-01-27 01:10;17;;-14;3
2018-01-27 01:20;10;;-15;-5
2018-01-27 01:30;3;;-16;-13
2018-01-27 01:40;-3;;-18;-21
2018-01-27 01:50;-9;;-18;-27
2018-01-27 02:00;-14;;-20;-34
2018-01-27 02:10;-18;;-22;-40
2018-01-27 02:20;-22;;-24;-46
2018-01-27 02:30;-26;;-24;-50
2018-01-27 02:40;-30;;-23;-53
2018-01-27 02:50;-33;;-22;-55
2018-01-27 03:00;-36;;-21;-57
2018-01-27 03:10;-39;;-18;-57
2018-01-27 03:20;-41;;-17;-58
2018-01-27 03:30;-43;;-15;-58
2018-01-27 03:40;-44;;-14;-58
2018-01-27 03:50;-45;;-13;-58
2018-01-27 04:00;-45;;-13;-58
2018-01-27 04:10;-44;;-14;-58
2018-01-27 04:20;-44;;-15;-59
2018-01-27 04:30;-42;;-17;-59
2018-01-27 04:40;-41;;-18;-59
2018-01-27 04:50;-40;;-19;-59
2018-01-27 05:00;-39;;-21;-60
2018-01-27 05:10;-38;;-23;-61
2018-01-27 05:20;-37;;-25;-62
2018-01-27 05:30;-36;;-26;-62
2018-01-27 05:40;-35;;-28;-63
2018-01-27 05:50;-35;;-28;-63
2018-01-27 06:00;-34;;-28;-62
2018-01-27 06:10;-32;;-29;-61
2018-01-27 06:20;-31;;-28;-59
2018-01-27 06:30;-29;;-28;-57
2018-01-27 06:40;-28;;-27;-55
2018-01-27 06:50;-26;;-26;-52
2018-01-27 07:00;-23;;-26;-49
2018-01-27 07:10;-21;;-25;-46
2018-01-27 07:20;-18;;-25;-43
2018-01-27 07:30;-14;;-25;-39
2018-01-27 07:40;-10;;-25;-35
2018-01-27 07:50;-5;;-25;-30
2018-01-27 08:00;1;;-25;-24
2018-01-27 08:10;8;;-25;-17
2018-01-27 08:20;15;;-26;-11
2018-01-27 08:30;24;;-26;-2
2018-01-27 08:40;32;;-25;7
2018-01-27 08:50;41;;-24;17
2018-01-27 09:00;49;;-22;27
2018-01-27 09:10;58;;-22;36
2018-01-27 09:20;66;;-22;44
2018-01-27 09:30;73;;-22;51
2018-01-27 09:40;80;;-24;56
2018-01-27 09:50;86;;-26;60
2018-01-27 10:00;91;;-28;63
2018-01-27 10:10;95;;-30;65
2018-01-27 10:20;98;;-31;67
2018-01-27 10:30;100;;-33;67
2018-01-27 10:40;100;;-34;66
2018-01-27 10:50;99;;-34;65
2018-01-27 11:00;97;;-34;63
2018-01-27 11:10;93;;-33;60
2018-01-27 11:20;89;;-33;56
2018-01-27 11:30;84;;-30;54
2018-01-27 11:40;78;;-27;51
2018-01-27 11:50;72;;-27;45
2018-01-27 12:00;66;;-26;40
2018-01-27 12:10;60;;-25;35
2018-01-27 12:20;54;;-26;28
2018-01-27 12:30;49;;-28;21
2018-01-27 12:40;43;;-29;14
2018-01-27 12:50;37;;-31;6
2018-01-27 13:00;31;;-33;-2
2018-01-27 13:10;24;;-34;-10
2018-01-27 13:20;17;;-35;-18
2018-01-27 13:30;10;;-36;-26
2018-01-27 13:40;2;;-36;-34
2018-01-27 13:50;-6;;-36;-42
2018-01-27 14:00;-14;;-37;-51
2018-01-27 14:10;-21;;-38;-59
2018-01-27 14:20;-29;;-38;-67
2018-01-27 14:30;-35;;-39;-74
2018-01-27 14:40;-41;;-40;-81
2018-01-27 14:50;-47;;-41;-88
2018-01-27 15:00;-52;;-42;-94
2018-01-27 15:10;-56;;-43;-99
2018-01-27 15:20;-60;;-43;-103
2018-01-27 15:30;-63;;-44;-107
2018-01-27 15:40;-65;;-46;-111
2018-01-27 15:50;-67;;-45;-112
2018-01-27 16:00;-68;;-45;-113
2018-01-27 16:10;-68;;-46;-114
2018-01-27 16:20;-68;;-46;-114
2018-01-27 16:30;-67;;-46;-113
2018-01-27 16:40;-65;;-48;-113
2018-01-27 16:50;-63;;-49;-112
2018-01-27 17:00;-61;;-50;-111
2018-01-27 17:10;-59;;-52;-111
2018-01-27 17:20;-58;;-52;-110
2018-01-27 17:30;-56;;-55;-111
2018-01-27 17:40;-55;;-57;-112
2018-01-27 17:50;-54;;-59;-113
2018-01-27 18:00;-53;;-60;-113
2018-01-27 18:10;-53;;-61;-114
2018-01-27 18:20;-53;;-62;-115
2018-01-27 18:30;-52;;-64;-116
2018-01-27 18:40;-52;;-64;-116
2018-01-27 18:50;-52;;-64;-116
2018-01-27 19:00;-51;;-65;-116
2018-01-27 19:10;-50;;-65;-115
2018-01-27 19:20;-49;;-64;-113
2018-01-27 19:30;-46;;-65;-111
2018-01-27 19:40;-44;;-64;-108
2018-01-27 19:50;-40;;-64;-104
2018-01-27 20:00;-36;;-63;-99
2018-01-27 20:10;-30;;-64;-94
2018-01-27 20:20;-24;;-63;-87
2018-01-27 20:30;-16;;-63;-79
2018-01-27 20:40;-8;;-61;-69
2018-01-27 20:50;1;;-58;-57
2018-01-27 21:00;11;;-56;-45
2018-01-27 21:10;21;;-52;-31
2018-01-27 21:20;31;;-45;-14
2018-01-27 21:30;41;;-40;1
2018-01-27 21:40;51;;-38;13
2018-01-27 21:50;61;;-39;22
2018-01-27 22:00;70;;-40;30
2018-01-27 22:10;79;;-41;38
2018-01-27 22:20;87;;-43;44
2018-01-27 22:30;94;;-49;45
2018-01-27 22:40;100;;-54;46
2018-01-27 22:50;104;;-57;47
2018-01-27 23:00;107;;-60;47
2018-01-27 23:10;109;;-63;46
2018-01-27 23:20;109;;-65;44
2018-01-27 23:30;107;;-64;43
2018-01-27 23:40;105;;-63;42
2018-01-27 23:50;101;;-61;40
2018-01-28 00:00;97;;-61;36
2018-01-28 00:10;92;;-57;35
2018-01-28 00:20;87;;-54;33
2018-01-28 00:30;83;;-55;28
2018-01-28 00:40;78;;-54;24
2018-01-28 00:50;73;;-52;21
2018-01-28 01:00;69;;-51;18
2018-01-28 01:10;64;;-50;14
2018-01-28 01:20;59;;-51;8
2018-01-28 01:30;54;;-51;3
2018-01-28 01:40;48;;-50;-2
2018-01-28 01:50;41;;-47;-6
2018-01-28 02:00;35;;-45;-10
2018-01-28 02:10;28;;-42;-14
2018-01-28 02:20;21;;-39;-18
2018-01-28 02:30;14;;-35;-21
2018-01-28 02:40;8;;-33;-25
2018-01-28 02:50;1;;-30;-29
2018-01-28 03:00;-5;;-27;-32
2018-01-28 03:10;-10;;-26;-36
2018-01-28 03:20;-16;;-22;-38
2018-01-28 03:30;-21;;-17;-38
2018-01-28 03:40;-26;;-13;-39
2018-01-28 03:50;-30;;-9;-39
2018-01-28 04:00;-35;;-4;-39
2018-01-28 04:10;-38;;-1;-39
2018-01-28 04:20;-42;;4;-38
2018-01-28 04:30;-44;;6;-38
2018-01-28 04:40;-46;;7;-39
2018-01-28 04:50;-47;;6;-41
2018-01-28 05:00;-47;;5;-42
2018-01-28 05:10;-46;;2;-44
2018-01-28 05:20;-45;;-2;-47
2018-01-28 05:30;-44;;-6;-50
2018-01-28 05:40;-43;;-9;-52
2018-01-28 05:50;-42;;-11;-53
2018-01-28 06:00;-41;;-12;-53
2018-01-28 06:10;-40;;-13;-53
2018-01-28 06:20;-40;;-14;-54
2018-01-28 06:30;-39;;-13;-52
2018-01-28 06:40;-39;;-11;-50
2018-01-28 06:50;-38;;-10;-48
2018-01-28 07:00;-38;;-7;-45
2018-01-28 07:10;-38;;-5;-43
2018-01-28 07:20;-37;;-2;-39
2018-01-28 07:30;-36;;1;-35
2018-01-28 07:40;-36;;6;-30
2018-01-28 07:50;-35;;10;-25
2018-01-28 08:00;-33;;13;-20
2018-01-28 08:10;-32;;17;-15
2018-01-28 08:20;-29;;21;-8
2018-01-28 08:30;-26;;24;-2
2018-01-28 08:40;-23;;28;5
2018-01-28 08:50;-18;;31;13
2018-01-28 09:00;-12;;33;21
2018-01-28 09:10;-5;;35;30
2018-01-28 09:20;2;;38;40
2018-01-28 09:30;11;;38;49
2018-01-28 09:40;19;;41;60
2018-01-28 09:50;28;;44;72
2018-01-28 10:00;37;;46;83
2018-01-28 10:10;47;;48;95
2018-01-28 10:20;56;;50;106
2018-01-28 10:30;65;;49;114
2018-01-28 10:40;73;;49;122
2018-01-28 10:50;81;;47;128
2018-01-28 11:00;89;;44;133
2018-01-28 11:10;95;;40;135
2018-01-28 11:20;100;;37;137
2018-01-28 11:30;104;;34;138
2018-01-28 11:40;106;;31;137
2018-01-28 11:50;106;;30;136
2018-01-28 12:00;105;;29;134
