Datum/tijd (MET);Astronomisch;Gemeten waterstand;Verwachte opzet;Verwachting RWS
2018-01-13 12:00;90;83;-7;83
2018-01-13 12:10;94;87;-9;85
2018-01-13 12:20;97;87;-12;85
2018-01-13 12:30;99;87;-15;84
2018-01-13 12:40;100;85;-18;82
2018-01-13 12:50;99;84;-19;80
2018-01-13 13:00;97;81;-18;79
2018-01-13 13:10;95;78;-18;77
2018-01-13 13:20;92;75;-17;75
2018-01-13 13:30;89;72;-15;74
2018-01-13 13:40;86;68;-15;71
2018-01-13 13:50;82;64;-14;68
2018-01-13 14:00;78;59;-14;64
2018-01-13 14:10;74;55;-14;60
2018-01-13 14:20;70;50;-14;56
2018-01-13 14:30;64;45;-12;52
2018-01-13 14:40;58;40;-12;46
2018-01-13 14:50;52;35;-11;41
2018-01-13 15:00;44;30;-9;35
2018-01-13 15:10;37;24;-9;28
2018-01-13 15:20;29;18;-7;22
2018-01-13 15:30;22;12;-7;15
2018-01-13 15:40;15;7;-7;8
2018-01-13 15:50;8;0;-8;0
2018-01-13 16:00;1;-7;-8;-7
2018-01-13 16:10;-5;-14;-10;-15
2018-01-13 16:20;-11;-22;-12;-23
2018-01-13 16:30;-17;-27;-13;-30
2018-01-13 16:40;-22;-32;-15;-37
2018-01-13 16:50;-28;-37;-15;-43
2018-01-13 17:00;-33;-41;-11;-44
2018-01-13 17:10;-37;-44;-11;-48
2018-01-13 17:20;-42;-46;-9;-51
2018-01-13 17:30;-45;-48;-8;-53
2018-01-13 17:40;-48;-50;-5;-53
2018-01-13 17:50;-50;-52;-5;-55
2018-01-13 18:00;-51;-54;-4;-55
2018-01-13 18:10;-52;-54;-3;-55
2018-01-13 18:20;-52;-55;-2;-54
2018-01-13 18:30;-52;-56;-3;-55
2018-01-13 18:40;-51;-56;-4;-55
2018-01-13 18:50;-51;-55;-6;-57
2018-01-13 19:00;-51;-56;-7;-58
2018-01-13 19:10;-50;-57;-8;-58
2018-01-13 19:20;-50;-57;-10;-60
2018-01-13 19:30;-50;-60;-12;-62
2018-01-13 19:40;-50;-61;-13;-63
2018-01-13 19:50;-50;-63;-13;-63
2018-01-13 20:00;-49;-64;-15;-64
2018-01-13 20:10;-49;-65;-15;-64
2018-01-13 20:20;-48;-66;-17;-65
2018-01-13 20:30;-48;-66;-17;-65
2018-01-13 20:40;-47;-66;-18;-65
2018-01-13 20:50;-46;-62;-18;-64
2018-01-13 21:00;-45;-61;-19;-64
2018-01-13 21:10;-44;-58;-19;-63
2018-01-13 21:20;-42;-56;-19;-61
2018-01-13 21:30;-40;-52;-18;-58
2018-01-13 21:40;-37;-48;-18;-55
2018-01-13 21:50;-33;-45;-18;-51
2018-01-13 22:00;-29;-40;-17;-46
2018-01-13 22:10;-23;-36;-17;-40
2018-01-13 22:20;-17;-27;-16;-33
2018-01-13 22:30;-10;-19;-15;-25
2018-01-13 22:40;-2;-12;-15;-17
2018-01-13 22:50;7;-3;-14;-7
2018-01-13 23:00;16;9;-13;3
2018-01-13 23:10;25;19;-11;14
2018-01-13 23:20;35;32;-10;25
2018-01-13 23:30;46;44;-8;38
2018-01-13 23:40;56;55;-4;52
2018-01-13 23:50;66;67;-2;64
2018-01-14 00:00;75;77;1;76
2018-01-14 00:10;84;84;0;84
2018-01-14 00:20;91;91;0;91
2018-01-14 00:30;97;96;-2;95
2018-01-14 00:40;102;97;-6;96
2018-01-14 00:50;105;99;-9;96
2018-01-14 01:00;107;99;-12;95
2018-01-14 01:10;107;97;-14;93
2018-01-14 01:20;107;95;-16;91
2018-01-14 01:30;105;93;-16;89
2018-01-14 01:40;103;89;-16;87
2018-01-14 01:50;101;86;-16;85
2018-01-14 02:00;98;82;-16;82
2018-01-14 02:10;95;78;-16;79
2018-01-14 02:20;92;74;-15;77
2018-01-14 02:30;88;69;-15;73
2018-01-14 02:40;84;64;-15;69
2018-01-14 02:50;79;59;-15;64
2018-01-14 03:00;73;54;-14;59
2018-01-14 03:10;67;48;-14;53
2018-01-14 03:20;60;43;-14;46
2018-01-14 03:30;53;37;-13;40
2018-01-14 03:40;45;29;-12;33
2018-01-14 03:50;38;21;-13;25
2018-01-14 04:00;30;14;-13;17
2018-01-14 04:10;23;7;-15;8
2018-01-14 04:20;15;-2;-16;-1
2018-01-14 04:30;8;-10;-17;-9
2018-01-14 04:40;1;-17;-19;-18
2018-01-14 04:50;-6;-24;-20;-26
2018-01-14 05:00;-12;-30;-22;-34
2018-01-14 05:10;-19;-38;-22;-41
2018-01-14 05:20;-25;-44;-23;-48
2018-01-14 05:30;-31;-49;-24;-55
2018-01-14 05:40;-36;-55;-24;-60
2018-01-14 05:50;-41;-60;-24;-65
2018-01-14 06:00;-44;-63;-25;-69
2018-01-14 06:10;-47;-66;-26;-73
2018-01-14 06:20;-49;-69;-27;-76
2018-01-14 06:30;-49;-70;-21;-70
2018-01-14 06:40;-49;-71;-22;-71
2018-01-14 06:50;-49;-71;-23;-72
2018-01-14 07:00;-48;-70;-24;-72
2018-01-14 07:10;-47;-71;-25;-72
2018-01-14 07:20;-46;-72;-26;-72
2018-01-14 07:30;-45;-70;-27;-72
2018-01-14 07:40;-45;-70;-27;-72
2018-01-14 07:50;-45;-69;-26;-71
2018-01-14 08:00;-45;-69;-27;-72
2018-01-14 08:10;-45;-70;-27;-72
2018-01-14 08:20;-46;-71;-27;-73
2018-01-14 08:30;-47;-72;-27;-74
2018-01-14 08:40;-48;-72;-27;-75
2018-01-14 08:50;-48;-74;-28;-76
2018-01-14 09:00;-49;-73;-28;-77
2018-01-14 09:10;-50;-73;-27;-77
2018-01-14 09:20;-50;-73;-27;-77
2018-01-14 09:30;-49;-71;-29;-78
2018-01-14 09:40;-48;-69;-28;-76
2018-01-14 09:50;-46;-67;-28;-74
2018-01-14 10:00;-43;-65;-29;-72
2018-01-14 10:10;-39;-62;-31;-70
2018-01-14 10:20;-35;-58;-31;-66
2018-01-14 10:30;-29;-55;-32;-61
2018-01-14 10:40;-23;-50;-33;-56
2018-01-14 10:50;-16;-45;-34;-50
2018-01-14 11:00;-8;-38;-34;-42
2018-01-14 11:10;0;-30;-34;-34
2018-01-14 11:20;9;-20;-32;-23
2018-01-14 11:30;19;-8;-30;-11
2018-01-14 11:40;30;4;-26;4
2018-01-14 11:50;41;18;-21;20
2018-01-14 12:00;52;33;-13;39
2018-01-14 12:10;63;47;-10;53
2018-01-14 12:20;73;60;-8;65
2018-01-14 12:30;83;73;-7;76
2018-01-14 12:40;91;81;-8;83
2018-01-14 12:50;97;89;-8;89
2018-01-14 13:00;102;93;-11;91
2018-01-14 13:10;105;94;-14;91
2018-01-14 13:20;107;93;-17;90
2018-01-14 13:30;107;92;-19;88
2018-01-14 13:40;106;90;-21;85
2018-01-14 13:50;105;88;-22;83
2018-01-14 14:00;103;84;-22;81
2018-01-14 14:10;100;82;-21;79
2018-01-14 14:20;98;80;-20;78
2018-01-14 14:30;95;76;-19;76
2018-01-14 14:40;92;74;-20;72
2018-01-14 14:50;89;69;-19;70
2018-01-14 15:00;85;64;-19;66
2018-01-14 15:10;80;59;-18;62
2018-01-14 15:20;74;53;-17;57
2018-01-14 15:30;68;48;-17;51
2018-01-14 15:40;61;43;-15;46
2018-01-14 15:50;53;38;-13;40
2018-01-14 16:00;46;33;-12;34
2018-01-14 16:10;38;27;-11;27
2018-01-14 16:20;31;19;-11;20
2018-01-14 16:30;23;12;-11;12
2018-01-14 16:40;16;4;-12;4
2018-01-14 16:50;10;-5;-15;-5
2018-01-14 17:00;3;-14;-17;-14
2018-01-14 17:10;-4;-22;-18;-22
2018-01-14 17:20;-10;-29;-21;-31
2018-01-14 17:30;-17;-36;-21;-38
2018-01-14 17:40;-23;-42;-21;-44
2018-01-14 17:50;-28;-47;-21;-49
2018-01-14 18:00;-34;-52;-19;-53
2018-01-14 18:10;-38;-55;-18;-56
2018-01-14 18:20;-42;-59;-17;-59
2018-01-14 18:30;-45;-61;-15;-60
2018-01-14 18:40;-47;-64;-15;-62
2018-01-14 18:50;-48;-66;-15;-63
2018-01-14 19:00;-49;-65;-15;-64
2018-01-14 19:10;-49;-66;-15;-64
2018-01-14 19:20;-49;-65;-15;-64
2018-01-14 19:30;-49;-63;-16;-65
2018-01-14 19:40;-48;-65;-19;-67
2018-01-14 19:50;-48;-65;-20;-68
2018-01-14 20:00;-47;-66;-22;-69
2018-01-14 20:10;-47;-68;-24;-71
2018-01-14 20:20;-47;-70;-25;-72
2018-01-14 20:30;-46;-72;-27;-73
2018-01-14 20:40;-46;-71;-29;-75
2018-01-14 20:50;-46;-72;-30;-76
2018-01-14 21:00;-46;-72;-31;-77
2018-01-14 21:10;-45;-72;-33;-78
2018-01-14 21:20;-45;-72;-34;-79
2018-01-14 21:30;-45;-73;-34;-79
2018-01-14 21:40;-45;-73;-35;-80
2018-01-14 21:50;-44;-74;-35;-79
2018-01-14 22:00;-43;-73;-36;-79
2018-01-14 22:10;-42;-72;-35;-77
2018-01-14 22:20;-40;-71;-35;-75
2018-01-14 22:30;-37;-69;-35;-72
2018-01-14 22:40;-34;-63;-34;-68
2018-01-14 22:50;-30;-60;-34;-64
2018-01-14 23:00;-25;-55;-33;-58
2018-01-14 23:10;-19;-48;-34;-53
2018-01-14 23:20;-12;-40;-33;-45
2018-01-14 23:30;-4;-33;-33;-37
2018-01-14 23:40;5;-24;-33;-28
2018-01-14 23:50;14;-15;-32;-18
2018-01-15 00:00;25;-7;-28;-3
2018-01-15 00:10;36;6;-25;11
2018-01-15 00:20;47;19;-21;26
2018-01-15 00:30;58;32;-18;40
2018-01-15 00:40;69;44;-17;52
2018-01-15 00:50;80;56;-18;62
2018-01-15 01:00;89;66;-19;70
2018-01-15 01:10;96;74;-20;76
2018-01-15 01:20;102;79;-22;80
2018-01-15 01:30;107;81;-26;81
2018-01-15 01:40;109;82;-28;81
2018-01-15 01:50;110;82;-32;78
2018-01-15 02:00;110;78;-35;75
2018-01-15 02:10;110;75;-37;73
2018-01-15 02:20;108;71;-37;71
2018-01-15 02:30;106;66;-39;67
2018-01-15 02:40;104;62;-38;66
2018-01-15 02:50;101;58;-36;65
2018-01-15 03:00;98;54;-36;62
2018-01-15 03:10;95;48;-37;58
2018-01-15 03:20;91;44;-38;53
2018-01-15 03:30;86;39;-38;48
2018-01-15 03:40;80;34;-38;42
2018-01-15 03:50;74;29;-38;36
2018-01-15 04:00;67;23;-37;30
2018-01-15 04:10;59;16;-36;23
2018-01-15 04:20;51;9;-35;16
2018-01-15 04:30;43;2;-34;9
2018-01-15 04:40;35;-6;-34;1
2018-01-15 04:50;27;-14;-34;-7
2018-01-15 05:00;19;-22;-34;-15
2018-01-15 05:10;11;-28;-33;-22
2018-01-15 05:20;3;-37;-35;-32
2018-01-15 05:30;-5;-43;-37;-42
2018-01-15 05:40;-12;-50;-39;-51
2018-01-15 05:50;-20;-57;-39;-59
2018-01-15 06:00;-27;-63;-36;-63
2018-01-15 06:10;-33;-70;-34;-67
2018-01-15 06:20;-39;-75;-33;-72
2018-01-15 06:30;-44;-80;-31;-75
2018-01-15 06:40;-48;-84;-31;-79
2018-01-15 06:50;-51;-86;-30;-81
2018-01-15 07:00;-53;-87;-31;-84
2018-01-15 07:10;-54;-85;-31;-85
2018-01-15 07:20;-54;-86;-32;-86
2018-01-15 07:30;-54;-86;-33;-87
2018-01-15 07:40;-53;-85;-34;-87
2018-01-15 07:50;-52;-88;-34;-86
2018-01-15 08:00;-51;-90;-37;-88
2018-01-15 08:10;-50;-93;-38;-88
2018-01-15 08:20;-49;-94;-38;-87
2018-01-15 08:30;-49;-96;-39;-88
2018-01-15 08:40;-48;-97;-40;-88
2018-01-15 08:50;-48;-99;-41;-89
2018-01-15 09:00;-49;-100;-41;-90
2018-01-15 09:10;-50;-100;-42;-92
2018-01-15 09:20;-51;-101;-43;-94
2018-01-15 09:30;-52;-102;-45;-97
2018-01-15 09:40;-53;-103;-46;-99
2018-01-15 09:50;-54;-104;-47;-101
2018-01-15 10:00;-54;-105;-47;-101
2018-01-15 10:10;-54;-104;-47;-101
2018-01-15 10:20;-53;-106;-48;-101
2018-01-15 10:30;-51;-105;-51;-102
2018-01-15 10:40;-49;-103;-51;-100
2018-01-15 10:50;-46;-100;-49;-95
2018-01-15 11:00;-42;-96;-46;-88
2018-01-15 11:10;-37;-89;-43;-80
2018-01-15 11:20;-31;-81;-40;-71
2018-01-15 11:30;-24;-71;-37;-61
2018-01-15 11:40;-17;-56;-32;-49
2018-01-15 11:50;-8;-42;-24;-32
2018-01-15 12:00;2;-26;-27;-25
2018-01-15 12:10;13;-10;-21;-8
2018-01-15 12:20;25;8;-16;9
2018-01-15 12:30;37;26;-9;28
2018-01-15 12:40;50;43;-7;43
2018-01-15 12:50;63;56;-7;56
2018-01-15 13:00;75;69;-8;67
2018-01-15 13:10;86;79;-10;76
2018-01-15 13:20;95;88;-13;82
2018-01-15 13:30;103;92;-16;87
2018-01-15 13:40;108;94;-19;89
2018-01-15 13:50;112;95;-23;89
2018-01-15 14:00;114;93;-27;87
2018-01-15 14:10;114;91;-30;84
2018-01-15 14:20;114;88;-33;81
2018-01-15 14:30;112;85;-32;80
2018-01-15 14:40;110;82;-32;78
2018-01-15 14:50;108;78;-33;75
2018-01-15 15:00;106;76;-35;71
2018-01-15 15:10;103;76;-35;68
2018-01-15 15:20;100;72;-34;66
2018-01-15 15:30;97;69;-34;63
2018-01-15 15:40;93;66;-30;63
2018-01-15 15:50;88;63;-29;59
2018-01-15 16:00;83;59;-27;56
2018-01-15 16:10;76;53;-24;52
2018-01-15 16:20;69;47;-19;50
2018-01-15 16:30;62;45;-17;45
2018-01-15 16:40;54;41;-13;41
2018-01-15 16:50;47;37;-9;38
2018-01-15 17:00;39;35;-4;35
2018-01-15 17:10;32;32;0;32
2018-01-15 17:20;24;30;5;29
2018-01-15 17:30;17;29;11;28
2018-01-15 17:40;10;27;16;26
2018-01-15 17:50;2;25;22;24
2018-01-15 18:00;-5;26;30;25
2018-01-15 18:10;-12;28;35;23
2018-01-15 18:20;-18;28;43;25
2018-01-15 18:30;-24;30;52;28
2018-01-15 18:40;-30;31;60;30
2018-01-15 18:50;-34;32;66;32
2018-01-15 19:00;-38;34;72;34
2018-01-15 19:10;-41;33;74;33
2018-01-15 19:20;-43;32;73;30
2018-01-15 19:30;-44;35;71;27
2018-01-15 19:40;-45;38;69;24
2018-01-15 19:50;-46;35;68;22
2018-01-15 20:00;-46;32;63;17
2018-01-15 20:10;-46;28;58;12
2018-01-15 20:20;-45;25;53;8
2018-01-15 20:30;-45;21;52;7
2018-01-15 20:40;-45;15;50;5
2018-01-15 20:50;-44;10;47;3
2018-01-15 21:00;-44;10;47;3
2018-01-15 21:10;-43;10;46;3
2018-01-15 21:20;-43;9;47;4
2018-01-15 21:30;-42;10;48;6
2018-01-15 21:40;-42;10;50;8
2018-01-15 21:50;-42;11;51;9
2018-01-15 22:00;-42;10;53;11
2018-01-15 22:10;-42;11;56;14
2018-01-15 22:20;-42;11;58;16
2018-01-15 22:30;-42;13;62;20
2018-01-15 22:40;-41;17;64;23
2018-01-15 22:50;-40;21;68;28
2018-01-15 23:00;-38;28;72;34
2018-01-15 23:10;-36;36;76;40
2018-01-15 23:20;-33;43;80;47
2018-01-15 23:30;-29;51;84;55
2018-01-15 23:40;-25;59;87;62
2018-01-15 23:50;-19;66;89;70
2018-01-16 00:00;-13;74;96;83
2018-01-16 00:10;-6;84;99;93
2018-01-16 00:20;2;93;102;104
2018-01-16 00:30;12;103;105;117
2018-01-16 00:40;23;117;107;130
2018-01-16 00:50;34;129;109;143
2018-01-16 01:00;46;143;108;154
2018-01-16 01:10;58;156;106;164
2018-01-16 01:20;70;167;102;172
2018-01-16 01:30;81;177;98;179
2018-01-16 01:40;90;183;93;183
2018-01-16 01:50;98;186;87;185
2018-01-16 02:00;105;187;80;185
2018-01-16 02:10;109;187;76;185
2018-01-16 02:20;112;184;71;183
2018-01-16 02:30;113;179;68;181
2018-01-16 02:40;113;176;66;179
2018-01-16 02:50;112;173;65;177
2018-01-16 03:00;110;170;64;174
2018-01-16 03:10;109;168;63;172
2018-01-16 03:20;106;165;64;170
2018-01-16 03:30;104;162;64;168
2018-01-16 03:40;101;158;63;164
2018-01-16 03:50;97;154;64;161
2018-01-16 04:00;93;148;64;157
2018-01-16 04:10;88;142;65;153
2018-01-16 04:20;82;137;67;149
2018-01-16 04:30;75;130;69;144
2018-01-16 04:40;67;123;72;139
2018-01-16 04:50;59;116;73;132
2018-01-16 05:00;51;;74;125
2018-01-16 05:10;43;100;75;118
2018-01-16 05:20;34;93;76;110
2018-01-16 05:30;25;84;62;87
2018-01-16 05:40;17;76;64;81
2018-01-16 05:50;8;69;65;73
2018-01-16 06:00;-1;60;67;66
2018-01-16 06:10;-9;54;67;58
2018-01-16 06:20;-18;49;69;51
2018-01-16 06:30;-26;43;72;46
2018-01-16 06:40;-33;39;73;40
2018-01-16 06:50;-39;33;75;36
2018-01-16 07:00;-45;30;77;32
2018-01-16 07:10;-50;27;79;29
2018-01-16 07:20;-53;25;79;26
2018-01-16 07:30;-56;22;81;25
2018-01-16 07:40;-57;19;81;24
2018-01-16 07:50;-58;23;82;24
2018-01-16 08:00;-58;26;83;25
2018-01-16 08:10;-58;28;84;26
2018-01-16 08:20;-57;27;84;27
2018-01-16 08:30;-56;;83;27
2018-01-16 08:40;-55;24;81;26
2018-01-16 08:50;-54;27;79;25
2018-01-16 09:00;-53;32;76;23
2018-01-16 09:10;-53;29;74;21
2018-01-16 09:20;-52;29;72;20
2018-01-16 09:30;-52;28;71;19
2018-01-16 09:40;-52;21;71;19
2018-01-16 09:50;-52;21;70;18
2018-01-16 10:00;-53;14;70;17
2018-01-16 10:10;-54;10;71;17
2018-01-16 10:20;-55;13;73;18
2018-01-16 10:30;-56;17;75;19
2018-01-16 10:40;-56;18;76;20
2018-01-16 10:50;-56;21;78;22
2018-01-16 11:00;-55;25;80;25
2018-01-16 11:10;-53;30;82;29
2018-01-16 11:20;-50;36;83;33
2018-01-16 11:30;-47;40;85;38
2018-01-16 11:40;-43;43;86;43
2018-01-16 11:50;-38;49;88;50
2018-01-16 12:00;-33;56;87;54
2018-01-16 12:10;-26;61;89;63
2018-01-16 12:20;-18;71;89;71
2018-01-16 12:30;-9;82;90;81
2018-01-16 12:40;1;95;91;92
2018-01-16 12:50;13;108;92;105
2018-01-16 13:00;26;122;94;120
2018-01-16 13:10;40;137;96;136
2018-01-16 13:20;54;152;98;152
2018-01-16 13:30;68;167;98;166
2018-01-16 13:40;81;179;96;177
2018-01-16 13:50;92;191;96;188
2018-01-16 14:00;102;200;94;196
2018-01-16 14:10;110;205;91;201
2018-01-16 14:20;116;205;87;203
2018-01-16 14:30;119;201;83;202
2018-01-16 14:40;121;197;80;201
2018-01-16 14:50;121;193;77;198
2018-01-16 15:00;119;187;76;195
2018-01-16 15:10;118;184;75;193
2018-01-16 15:20;115;183;75;190
2018-01-16 15:30;113;182;76;189
2018-01-16 15:40;110;181;76;186
2018-01-16 15:50;107;179;77;184
2018-01-16 16:00;104;177;76;180
2018-01-16 16:10;100;173;76;176
2018-01-16 16:20;95;167;77;172
2018-01-16 16:30;90;160;76;166
2018-01-16 16:40;84;151;76;160
2018-01-16 16:50;78;142;75;153
2018-01-16 17:00;71;134;63;134
2018-01-16 17:10;63;127;64;127
2018-01-16 17:20;56;119;63;119
2018-01-16 17:30;48;114;66;114
2018-01-16 17:40;41;105;64;105
2018-01-16 17:50;33;97;64;97
2018-01-16 18:00;25;88;63;88
2018-01-16 18:10;18;79;61;79
2018-01-16 18:20;10;71;61;71
2018-01-16 18:30;2;62;61;63
2018-01-16 18:40;-5;54;61;56
2018-01-16 18:50;-12;46;61;49
2018-01-16 19:00;-19;39;62;43
2018-01-16 19:10;-24;33;61;37
2018-01-16 19:20;-29;28;60;31
2018-01-16 19:30;-33;23;61;28
2018-01-16 19:40;-36;21;61;25
2018-01-16 19:50;-39;19;61;22
2018-01-16 20:00;-40;18;61;21
2018-01-16 20:10;-41;18;61;20
2018-01-16 20:20;-42;18;61;19
2018-01-16 20:30;-42;;63;21
2018-01-16 20:40;-42;16;62;20
2018-01-16 20:50;-42;18;61;19
2018-01-16 21:00;-42;18;60;18
2018-01-16 21:10;-42;20;58;16
2018-01-16 21:20;-42;19;57;15
2018-01-16 21:30;-42;18;55;13
2018-01-16 21:40;-41;16;52;11
2018-01-16 21:50;-41;13;51;10
2018-01-16 22:00;-40;12;49;9
2018-01-16 22:10;-40;9;47;7
2018-01-16 22:20;-40;7;46;6
2018-01-16 22:30;-39;6;44;5
2018-01-16 22:40;-39;5;44;5
2018-01-16 22:50;-39;8;43;4
2018-01-16 23:00;-39;8;44;5
2018-01-16 23:10;-38;10;44;6
2018-01-16 23:20;-37;13;45;8
2018-01-16 23:30;-36;16;45;9
2018-01-16 23:40;-34;18;45;11
2018-01-16 23:50;-31;21;46;15
2018-01-17 00:00;-28;24;50;22
2018-01-17 00:10;-25;26;52;27
2018-01-17 00:20;-20;33;49;29
2018-01-17 00:30;-15;38;53;38
2018-01-17 00:40;-9;46;56;47
2018-01-17 00:50;-2;55;59;57
2018-01-17 01:00;7;63;62;69
2018-01-17 01:10;16;75;67;83
2018-01-17 01:20;27;89;72;99
2018-01-17 01:30;39;102;76;115
2018-01-17 01:40;52;117;80;132
2018-01-17 01:50;64;133;83;147
2018-01-17 02:00;76;148;84;160
2018-01-17 02:10;87;161;84;171
2018-01-17 02:20;96;173;83;179
2018-01-17 02:30;104;179;80;184
2018-01-17 02:40;109;182;77;186
2018-01-17 02:50;113;182;74;187
2018-01-17 03:00;115;180;70;185
2018-01-17 03:10;115;177;67;182
2018-01-17 03:20;115;171;65;180
2018-01-17 03:30;113;168;64;177
2018-01-17 03:40;111;165;64;175
2018-01-17 03:50;109;160;64;173
2018-01-17 04:00;107;159;65;172
2018-01-17 04:10;104;158;66;170
2018-01-17 04:20;100;155;67;167
2018-01-17 04:30;96;152;66;162
2018-01-17 04:40;91;148;66;157
2018-01-17 04:50;85;141;65;150
2018-01-17 05:00;79;136;65;144
2018-01-17 05:10;71;130;65;136
2018-01-17 05:20;63;122;65;128
2018-01-17 05:30;55;116;57;112
2018-01-17 05:40;46;108;59;105
2018-01-17 05:50;37;101;60;97
2018-01-17 06:00;28;94;61;89
2018-01-17 06:10;19;87;62;81
2018-01-17 06:20;10;77;64;74
2018-01-17 06:30;1;69;65;66
2018-01-17 06:40;-9;62;67;58
2018-01-17 06:50;-18;54;69;51
2018-01-17 07:00;-26;47;71;45
2018-01-17 07:10;-35;42;74;39
2018-01-17 07:20;-42;35;75;33
2018-01-17 07:30;-48;31;77;29
2018-01-17 07:40;-53;28;79;26
2018-01-17 07:50;-57;27;81;24
2018-01-17 08:00;-59;26;81;22
2018-01-17 08:10;-61;27;82;21
2018-01-17 08:20;-62;27;84;22
2018-01-17 08:30;-62;26;84;22
2018-01-17 08:40;-62;27;85;23
2018-01-17 08:50;-61;30;84;23
2018-01-17 09:00;-60;30;82;22
2018-01-17 09:10;-60;30;82;22
2018-01-17 09:20;-59;30;79;20
2018-01-17 09:30;-58;29;77;19
2018-01-17 09:40;-57;29;74;17
2018-01-17 09:50;-57;27;72;15
2018-01-17 10:00;-56;23;69;13
2018-01-17 10:10;-56;21;67;11
2018-01-17 10:20;-56;19;64;8
2018-01-17 10:30;-56;17;64;8
2018-01-17 10:40;-56;15;65;9
2018-01-17 10:50;-57;13;67;10
2018-01-17 11:00;-57;14;69;12
2018-01-17 11:10;-57;16;73;16
2018-01-17 11:20;-57;20;76;19
2018-01-17 11:30;-56;21;77;21
2018-01-17 11:40;-55;26;79;24
2018-01-17 11:50;-52;31;79;27
2018-01-17 12:00;-50;35;82;32
2018-01-17 12:10;-46;40;85;39
2018-01-17 12:20;-42;46;87;45
2018-01-17 12:30;-37;51;91;54
2018-01-17 12:40;-31;59;93;62
2018-01-17 12:50;-23;67;95;72
2018-01-17 13:00;-15;76;98;83
2018-01-17 13:10;-5;85;100;95
2018-01-17 13:20;6;95;101;107
2018-01-17 13:30;18;105;105;123
2018-01-17 13:40;32;122;108;140
2018-01-17 13:50;47;138;111;158
2018-01-17 14:00;62;152;113;175
2018-01-17 14:10;76;167;113;189
2018-01-17 14:20;90;184;111;201
2018-01-17 14:30;102;198;108;210
2018-01-17 14:40;111;206;105;216
2018-01-17 14:50;119;210;101;220
2018-01-17 15:00;124;211;96;220
2018-01-17 15:10;126;208;91;217
2018-01-17 15:20;127;204;87;214
2018-01-17 15:30;126;195;84;210
2018-01-17 15:40;124;189;81;205
2018-01-17 15:50;122;185;79;201
2018-01-17 16:00;119;181;79;198
2018-01-17 16:10;116;179;78;194
2018-01-17 16:20;112;177;79;191
2018-01-17 16:30;109;173;78;187
2018-01-17 16:40;104;169;79;183
2018-01-17 16:50;100;165;78;178
2018-01-17 17:00;94;157;77;171
2018-01-17 17:10;88;148;77;165
2018-01-17 17:20;81;141;76;157
2018-01-17 17:30;74;133;76;150
2018-01-17 17:40;67;127;75;142
2018-01-17 17:50;60;120;73;133
2018-01-17 18:00;52;114;56;108
2018-01-17 18:10;45;109;56;101
2018-01-17 18:20;37;101;60;97
2018-01-17 18:30;30;91;60;90
2018-01-17 18:40;22;81;60;82
2018-01-17 18:50;15;70;59;74
2018-01-17 19:00;7;61;59;66
2018-01-17 19:10;-1;52;58;57
2018-01-17 19:20;-8;43;56;48
2018-01-17 19:30;-15;36;57;42
2018-01-17 19:40;-22;32;56;34
2018-01-17 19:50;-27;28;56;29
2018-01-17 20:00;-31;25;56;25
2018-01-17 20:10;-34;23;56;22
2018-01-17 20:20;-36;20;56;20
2018-01-17 20:30;-37;17;56;19
2018-01-17 20:40;-38;15;57;19
2018-01-17 20:50;-39;15;58;19
2018-01-17 21:00;-39;13;60;21
2018-01-17 21:10;-39;13;60;21
2018-01-17 21:20;-39;12;59;20
2018-01-17 21:30;-40;10;57;17
2018-01-17 21:40;-40;9;54;14
2018-01-17 21:50;-40;6;52;12
2018-01-17 22:00;-41;4;50;9
2018-01-17 22:10;-41;1;48;7
2018-01-17 22:20;-40;-2;45;5
2018-01-17 22:30;-40;-3;42;2
2018-01-17 22:40;-40;-5;41;1
2018-01-17 22:50;-39;-4;39;0
2018-01-17 23:00;-39;-4;35;-4
2018-01-17 23:10;-38;-3;35;-3
2018-01-17 23:20;-38;-3;35;-3
2018-01-17 23:30;-37;-3;34;-3
2018-01-17 23:40;-36;-1;39;3
2018-01-17 23:50;-35;-1;39;4
2018-01-18 00:00;-34;-1;29;-5
2018-01-18 00:10;-32;0;29;-3
2018-01-18 00:20;-29;1;30;1
2018-01-18 00:30;-27;3;31;4
2018-01-18 00:40;-23;6;30;7
2018-01-18 00:50;-20;10;29;9
2018-01-18 01:00;-15;13;28;13
2018-01-18 01:10;-10;17;26;16
2018-01-18 01:20;-3;21;24;21
2018-01-18 01:30;5;27;23;28
2018-01-18 01:40;14;33;20;34
2018-01-18 01:50;24;39;19;43
2018-01-18 02:00;35;47;14;49
2018-01-18 02:10;48;59;15;63
2018-01-18 02:20;60;73;19;79
2018-01-18 02:30;73;88;22;95
2018-01-18 02:40;84;101;23;107
2018-01-18 02:50;95;116;24;119
2018-01-18 03:00;103;129;24;127
2018-01-18 03:10;110;137;23;133
2018-01-18 03:20;114;141;21;135
2018-01-18 03:30;117;141;18;135
2018-01-18 03:40;118;139;15;133
2018-01-18 03:50;117;135;13;130
2018-01-18 04:00;116;129;9;125
2018-01-18 04:10;114;122;8;122
2018-01-18 04:20;111;117;8;119
2018-01-18 04:30;109;112;7;116
2018-01-18 04:40;106;109;8;114
2018-01-18 04:50;102;105;12;114
2018-01-18 05:00;98;102;14;112
2018-01-18 05:10;93;99;16;109
2018-01-18 05:20;87;95;19;106
2018-01-18 05:30;81;91;20;101
2018-01-18 05:40;73;88;23;96
2018-01-18 05:50;65;83;25;90
2018-01-18 06:00;57;77;17;74
2018-01-18 06:10;48;71;20;68
2018-01-18 06:20;39;64;22;61
2018-01-18 06:30;30;57;26;56
2018-01-18 06:40;21;48;30;51
2018-01-18 06:50;11;38;36;47
2018-01-18 07:00;2;28;41;43
2018-01-18 07:10;-8;21;47;39
2018-01-18 07:20;-18;14;54;36
2018-01-18 07:30;-27;8;61;34
2018-01-18 07:40;-36;3;67;31
2018-01-18 07:50;-44;2;73;29
2018-01-18 08:00;-51;1;79;28
2018-01-18 08:10;-56;6;84;28
2018-01-18 08:20;-61;9;89;28
2018-01-18 08:30;-64;13;94;30
2018-01-18 08:40;-65;21;98;33
2018-01-18 08:50;-66;30;104;38
2018-01-18 09:00;-65;41;109;44
2018-01-18 09:10;-65;54;117;52
2018-01-18 09:20;-64;66;125;61
2018-01-18 09:30;-63;78;133;70
2018-01-18 09:40;-62;89;139;77
2018-01-18 09:50;-62;95;143;81
2018-01-18 10:00;-62;98;146;84
2018-01-18 10:10;-61;99;144;83
2018-01-18 10:20;-61;99;142;81
2018-01-18 10:30;-61;97;139;78
2018-01-18 10:40;-61;92;136;75
2018-01-18 10:50;-61;84;132;71
2018-01-18 11:00;-61;79;129;68
2018-01-18 11:10;-61;71;127;66
2018-01-18 11:20;-60;62;124;64
2018-01-18 11:30;-60;53;94;34
2018-01-18 11:40;-60;42;86;26
2018-01-18 11:50;-59;31;78;19
2018-01-18 12:00;-58;24;70;12
2018-01-18 12:10;-56;16;63;7
2018-01-18 12:20;-54;8;57;3
2018-01-18 12:30;-51;1;53;2
2018-01-18 12:40;-48;-2;52;4
2018-01-18 12:50;-44;-1;52;8
2018-01-18 13:00;-39;-1;50;11
2018-01-18 13:10;-34;1;53;19
2018-01-18 13:20;-27;10;57;30
2018-01-18 13:30;-19;23;63;44
2018-01-18 13:40;-10;39;72;62
2018-01-18 13:50;0;59;81;81
2018-01-18 14:00;13;86;89;102
2018-01-18 14:10;26;112;99;125
2018-01-18 14:20;41;137;103;144
2018-01-18 14:30;56;158;105;161
2018-01-18 14:40;71;177;105;176
2018-01-18 14:50;86;186;100;186
2018-01-18 15:00;99;193;93;192
2018-01-18 15:10;110;197;86;196
2018-01-18 15:20;119;198;77;196
2018-01-18 15:30;126;197;67;193
2018-01-18 15:40;130;196;59;189
2018-01-18 15:50;131;193;52;183
2018-01-18 16:00;131;190;48;179
2018-01-18 16:10;129;185;45;174
2018-01-18 16:20;127;182;42;169
2018-01-18 16:30;124;175;41;165
2018-01-18 16:40;121;168;41;162
2018-01-18 16:50;117;160;41;158
2018-01-18 17:00;113;152;39;152
2018-01-18 17:10;109;144;37;146
2018-01-18 17:20;104;138;37;141
2018-01-18 17:30;98;131;37;135
2018-01-18 17:40;92;126;36;128
2018-01-18 17:50;85;119;37;122
2018-01-18 18:00;77;113;37;114
2018-01-18 18:10;70;106;35;105
2018-01-18 18:20;62;98;35;97
2018-01-18 18:30;54;87;29;83
2018-01-18 18:40;47;77;29;76
2018-01-18 18:50;39;68;30;69
2018-01-18 19:00;32;59;30;62
2018-01-18 19:10;25;48;29;54
2018-01-18 19:20;18;38;26;44
2018-01-18 19:30;10;29;25;35
2018-01-18 19:40;3;23;24;27
2018-01-18 19:50;-5;15;24;19
2018-01-18 20:00;-12;8;23;11
2018-01-18 20:10;-19;2;23;4
2018-01-18 20:20;-24;-4;23;-1
2018-01-18 20:30;-29;-8;24;-5
2018-01-18 20:40;-32;-11;23;-9
2018-01-18 20:50;-35;-12;24;-11
2018-01-18 21:00;-36;-12;22;-14
2018-01-18 21:10;-36;-13;21;-15
2018-01-18 21:20;-36;-11;20;-16
2018-01-18 21:30;-36;-12;20;-16
2018-01-18 21:40;-36;-14;20;-16
2018-01-18 21:50;-36;-16;20;-16
2018-01-18 22:00;-37;-16;20;-17
2018-01-18 22:10;-38;-17;19;-19
2018-01-18 22:20;-39;-19;20;-19
2018-01-18 22:30;-40;-21;20;-20
2018-01-18 22:40;-41;-23;20;-21
2018-01-18 22:50;-41;-24;18;-23
2018-01-18 23:00;-41;-25;16;-25
2018-01-18 23:10;-41;-25;16;-25
2018-01-18 23:20;-41;-25;16;-25
2018-01-18 23:30;-41;-24;17;-24
2018-01-18 23:40;-40;-22;18;-22
2018-01-18 23:50;-39;-20;19;-20
2018-01-19 00:00;-38;-18;16;-22
2018-01-19 00:10;-37;-16;17;-20
2018-01-19 00:20;-35;-14;18;-17
2018-01-19 00:30;-34;-13;19;-15
2018-01-19 00:40;-32;-10;19;-13
2018-01-19 00:50;-29;-8;19;-10
2018-01-19 01:00;-26;-5;19;-7
2018-01-19 01:10;-23;-2;19;-4
2018-01-19 01:20;-20;3;20;0
2018-01-19 01:30;-15;8;20;5
2018-01-19 01:40;-10;15;22;12
2018-01-19 01:50;-4;23;23;19
2018-01-19 02:00;3;32;25;28
2018-01-19 02:10;11;43;26;37
2018-01-19 02:20;21;55;29;50
2018-01-19 02:30;32;69;33;65
2018-01-19 02:40;43;82;41;84
2018-01-19 02:50;56;98;46;102
2018-01-19 03:00;69;114;51;120
2018-01-19 03:10;81;130;55;136
2018-01-19 03:20;92;145;57;149
2018-01-19 03:30;101;157;58;159
2018-01-19 03:40;109;166;56;165
2018-01-19 03:50;114;171;53;167
2018-01-19 04:00;117;172;49;166
2018-01-19 04:10;119;170;45;164
2018-01-19 04:20;118;167;42;160
2018-01-19 04:30;117;163;40;157
2018-01-19 04:40;115;156;37;152
2018-01-19 04:50;112;151;36;148
2018-01-19 05:00;110;145;35;145
2018-01-19 05:10;107;141;36;143
2018-01-19 05:20;103;137;37;140
2018-01-19 05:30;99;132;37;136
2018-01-19 05:40;95;128;35;130
2018-01-19 05:50;89;124;34;123
2018-01-19 06:00;83;116;28;111
2018-01-19 06:10;75;110;29;104
2018-01-19 06:20;67;101;30;97
2018-01-19 06:30;59;93;30;89
2018-01-19 06:40;50;84;31;81
2018-01-19 06:50;41;74;32;73
2018-01-19 07:00;31;63;33;64
2018-01-19 07:10;22;53;33;55
2018-01-19 07:20;13;44;33;46
2018-01-19 07:30;3;35;34;37
2018-01-19 07:40;-7;23;34;27
2018-01-19 07:50;-16;13;34;18
2018-01-19 08:00;-26;5;35;9
2018-01-19 08:10;-35;-3;35;0
2018-01-19 08:20;-44;-11;36;-8
2018-01-19 08:30;-51;-20;34;-17
2018-01-19 08:40;-58;-27;34;-24
2018-01-19 08:50;-63;-32;33;-30
2018-01-19 09:00;-66;-37;32;-34
2018-01-19 09:10;-68;-40;31;-37
2018-01-19 09:20;-69;-43;30;-39
2018-01-19 09:30;-69;-43;29;-40
2018-01-19 09:40;-68;-43;28;-40
2018-01-19 09:50;-66;-39;27;-39
2018-01-19 10:00;-65;-38;29;-36
2018-01-19 10:10;-64;-37;30;-34
2018-01-19 10:20;-64;-35;31;-33
2018-01-19 10:30;-63;-34;29;-34
2018-01-19 10:40;-64;-33;29;-35
2018-01-19 10:50;-64;-34;27;-37
2018-01-19 11:00;-65;-35;26;-39
2018-01-19 11:10;-65;-37;24;-41
2018-01-19 11:20;-66;-40;22;-44
2018-01-19 11:30;-66;-41;22;-44
2018-01-19 11:40;-66;-44;20;-46
2018-01-19 11:50;-66;-47;18;-48
2018-01-19 12:00;-66;-49;17;-49
2018-01-19 12:10;-65;-49;15;-50
2018-01-19 12:20;-64;-49;14;-50
2018-01-19 12:30;-62;-48;13;-49
2018-01-19 12:40;-60;-47;11;-49
2018-01-19 12:50;-58;-45;10;-48
2018-01-19 13:00;-55;-44;9;-46
2018-01-19 13:10;-51;-42;7;-44
2018-01-19 13:20;-47;-39;6;-41
2018-01-19 13:30;-42;-35;6;-36
2018-01-19 13:40;-36;-31;5;-31
2018-01-19 13:50;-30;-24;6;-24
2018-01-19 14:00;-23;-15;7;-16
2018-01-19 14:10;-14;-8;7;-7
2018-01-19 14:20;-4;3;7;3
2018-01-19 14:30;7;16;9;16
2018-01-19 14:40;20;31;12;32
2018-01-19 14:50;34;48;16;50
2018-01-19 15:00;49;67;23;72
2018-01-19 15:10;65;87;28;93
2018-01-19 15:20;80;106;31;111
2018-01-19 15:30;94;125;33;127
2018-01-19 15:40;106;139;33;139
2018-01-19 15:50;116;150;32;148
2018-01-19 16:00;124;155;26;150
2018-01-19 16:10;129;158;20;149
2018-01-19 16:20;132;156;14;146
2018-01-19 16:30;132;151;10;142
2018-01-19 16:40;131;146;6;137
2018-01-19 16:50;129;140;3;132
2018-01-19 17:00;126;;5;131
2018-01-19 17:10;123;;5;128
2018-01-19 17:20;120;;7;127
2018-01-19 17:30;116;;10;126
2018-01-19 17:40;112;;13;125
2018-01-19 17:50;107;;15;122
2018-01-19 18:00;102;;15;117
2018-01-19 18:10;96;;14;110
2018-01-19 18:20;89;;15;104
2018-01-19 18:30;82;;15;97
2018-01-19 18:40;74;;16;90
2018-01-19 18:50;65;;17;82
2018-01-19 19:00;57;;17;74
2018-01-19 19:10;49;;18;67
2018-01-19 19:20;42;;17;59
2018-01-19 19:30;34;;16;50
2018-01-19 19:40;27;;14;41
2018-01-19 19:50;20;;12;32
2018-01-19 20:00;13;;11;24
2018-01-19 20:10;6;;9;15
2018-01-19 20:20;-1;;8;7
2018-01-19 20:30;-8;;8;0
2018-01-19 20:40;-15;;9;-6
2018-01-19 20:50;-21;;10;-11
2018-01-19 21:00;-26;;11;-15
2018-01-19 21:10;-30;;11;-19
2018-01-19 21:20;-32;;11;-21
2018-01-19 21:30;-34;;13;-21
2018-01-19 21:40;-34;;14;-20
2018-01-19 21:50;-34;;15;-19
2018-01-19 22:00;-34;;17;-17
2018-01-19 22:10;-34;;19;-15
2018-01-19 22:20;-34;;19;-15
2018-01-19 22:30;-34;;19;-15
2018-01-19 22:40;-35;;18;-17
2018-01-19 22:50;-36;;17;-19
2018-01-19 23:00;-38;;18;-20
2018-01-19 23:10;-40;;16;-24
2018-01-19 23:20;-41;;14;-27
2018-01-19 23:30;-43;;13;-30
2018-01-19 23:40;-44;;13;-31
2018-01-19 23:50;-44;;12;-32
2018-01-20 00:00;-44;;11;-33
2018-01-20 00:10;-44;;11;-33
2018-01-20 00:20;-43;;11;-32
2018-01-20 00:30;-41;;10;-31
2018-01-20 00:40;-40;;10;-30
2018-01-20 00:50;-38;;8;-30
2018-01-20 01:00;-36;;7;-29
2018-01-20 01:10;-33;;6;-27
2018-01-20 01:20;-30;;5;-25
2018-01-20 01:30;-27;;4;-23
2018-01-20 01:40;-24;;4;-20
2018-01-20 01:50;-20;;4;-16
2018-01-20 02:00;-16;;3;-13
2018-01-20 02:10;-11;;3;-8
2018-01-20 02:20;-6;;4;-2
2018-01-20 02:30;0;;4;4
2018-01-20 02:40;8;;3;11
2018-01-20 02:50;17;;4;21
2018-01-20 03:00;27;;6;33
2018-01-20 03:10;38;;10;48
2018-01-20 03:20;50;;14;64
2018-01-20 03:30;63;;18;81
2018-01-20 03:40;75;;23;98
2018-01-20 03:50;87;;26;113
2018-01-20 04:00;97;;27;124
2018-01-20 04:10;105;;28;133
2018-01-20 04:20;111;;27;138
2018-01-20 04:30;115;;25;140
2018-01-20 04:40;117;;22;139
2018-01-20 04:50;117;;19;136
2018-01-20 05:00;116;;15;131
2018-01-20 05:10;114;;14;128
2018-01-20 05:20;111;;13;124
2018-01-20 05:30;108;;13;121
2018-01-20 05:40;105;;12;117
2018-01-20 05:50;102;;12;114
2018-01-20 06:00;99;;12;111
2018-01-20 06:10;95;;13;108
2018-01-20 06:20;90;;12;102
2018-01-20 06:30;84;;11;95
2018-01-20 06:40;77;;11;88
2018-01-20 06:50;70;;10;80
2018-01-20 07:00;61;;11;72
2018-01-20 07:10;52;;12;64
2018-01-20 07:20;43;;12;55
2018-01-20 07:30;34;;12;46
2018-01-20 07:40;24;;11;35
2018-01-20 07:50;15;;10;25
2018-01-20 08:00;5;;10;15
2018-01-20 08:10;-5;;10;5
2018-01-20 08:20;-14;;8;-6
2018-01-20 08:30;-24;;8;-16
2018-01-20 08:40;-33;;7;-26
2018-01-20 08:50;-42;;7;-35
2018-01-20 09:00;-50;;7;-43
2018-01-20 09:10;-57;;7;-50
2018-01-20 09:20;-63;;8;-55
2018-01-20 09:30;-67;;7;-60
2018-01-20 09:40;-70;;7;-63
2018-01-20 09:50;-71;;6;-65
2018-01-20 10:00;-71;;6;-65
2018-01-20 10:10;-70;;7;-63
2018-01-20 10:20;-69;;8;-61
2018-01-20 10:30;-67;;9;-58
2018-01-20 10:40;-65;;10;-55
2018-01-20 10:50;-64;;11;-53
2018-01-20 11:00;-64;;10;-54
2018-01-20 11:10;-64;;9;-55
2018-01-20 11:20;-64;;8;-56
2018-01-20 11:30;-65;;6;-59
2018-01-20 11:40;-67;;5;-62
2018-01-20 11:50;-68;;5;-63
2018-01-20 12:00;-69;;4;-65
2018-01-20 12:10;-70;;3;-67
2018-01-20 12:20;-70;;3;-67
2018-01-20 12:30;-70;;3;-67
2018-01-20 12:40;-70;;3;-67
2018-01-20 12:50;-69;;3;-66
2018-01-20 13:00;-67;;3;-64
2018-01-20 13:10;-65;;2;-63
2018-01-20 13:20;-62;;0;-62
2018-01-20 13:30;-59;;-1;-60
2018-01-20 13:40;-55;;-3;-58
2018-01-20 13:50;-51;;-4;-55
2018-01-20 14:00;-46;;-5;-51
2018-01-20 14:10;-40;;-5;-45
2018-01-20 14:20;-34;;-4;-38
2018-01-20 14:30;-27;;-2;-29
2018-01-20 14:40;-19;;0;-19
2018-01-20 14:50;-9;;2;-7
2018-01-20 15:00;2;;6;8
2018-01-20 15:10;14;;11;25
2018-01-20 15:20;27;;19;46
2018-01-20 15:30;42;;24;66
2018-01-20 15:40;57;;30;87
2018-01-20 15:50;73;;33;106
2018-01-20 16:00;87;;34;121
2018-01-20 16:10;100;;33;133
2018-01-20 16:20;111;;30;141
2018-01-20 16:30;120;;26;146
2018-01-20 16:40;126;;20;146
2018-01-20 16:50;129;;15;144
2018-01-20 17:00;131;;10;141
2018-01-20 17:10;130;;7;137
2018-01-20 17:20;128;;5;133
2018-01-20 17:30;125;;6;131
2018-01-20 17:40;122;;7;129
2018-01-20 17:50;119;;9;128
2018-01-20 18:00;115;;13;128
2018-01-20 18:10;112;;15;127
2018-01-20 18:20;108;;16;124
2018-01-20 18:30;104;;16;120
2018-01-20 18:40;99;;16;115
2018-01-20 18:50;93;;16;109
2018-01-20 19:00;86;;16;102
2018-01-20 19:10;78;;17;95
2018-01-20 19:20;70;;17;87
2018-01-20 19:30;62;;18;80
2018-01-20 19:40;53;;20;73
2018-01-20 19:50;45;;20;65
2018-01-20 20:00;37;;20;57
2018-01-20 20:10;30;;20;50
2018-01-20 20:20;22;;20;42
2018-01-20 20:30;15;;19;34
2018-01-20 20:40;8;;18;26
2018-01-20 20:50;2;;16;18
2018-01-20 21:00;-5;;16;11
2018-01-20 21:10;-11;;16;5
2018-01-20 21:20;-17;;17;0
2018-01-20 21:30;-22;;18;-4
2018-01-20 21:40;-27;;20;-7
2018-01-20 21:50;-30;;22;-8
2018-01-20 22:00;-32;;24;-8
2018-01-20 22:10;-32;;25;-7
2018-01-20 22:20;-33;;28;-5
2018-01-20 22:30;-32;;28;-4
2018-01-20 22:40;-32;;29;-3
2018-01-20 22:50;-31;;28;-3
2018-01-20 23:00;-31;;27;-4
2018-01-20 23:10;-32;;26;-6
2018-01-20 23:20;-33;;24;-9
2018-01-20 23:30;-35;;22;-13
2018-01-20 23:40;-37;;21;-16
2018-01-20 23:50;-40;;21;-19
2018-01-21 00:00;-42;;20;-22
2018-01-21 00:10;-44;;22;-22
2018-01-21 00:20;-45;;22;-23
2018-01-21 00:30;-46;;24;-22
2018-01-21 00:40;-46;;25;-21
2018-01-21 00:50;-46;;27;-19
2018-01-21 01:00;-45;;28;-17
2018-01-21 01:10;-44;;29;-15
2018-01-21 01:20;-42;;28;-14
2018-01-21 01:30;-39;;28;-11
2018-01-21 01:40;-36;;26;-10
2018-01-21 01:50;-33;;25;-8
2018-01-21 02:00;-30;;25;-5
2018-01-21 02:10;-26;;23;-3
2018-01-21 02:20;-22;;23;1
2018-01-21 02:30;-17;;20;3
2018-01-21 02:40;-13;;21;8
2018-01-21 02:50;-7;;19;12
2018-01-21 03:00;-1;;18;17
2018-01-21 03:10;5;;16;21
2018-01-21 03:20;13;;15;28
2018-01-21 03:30;23;;12;35
2018-01-21 03:40;33;;11;44
2018-01-21 03:50;45;;11;56
2018-01-21 04:00;57;;13;70
2018-01-21 04:10;69;;15;84
2018-01-21 04:20;80;;20;100
2018-01-21 04:30;91;;23;114
2018-01-21 04:40;99;;25;124
2018-01-21 04:50;106;;28;134
2018-01-21 05:00;111;;31;142
2018-01-21 05:10;113;;32;145
2018-01-21 05:20;114;;31;145
2018-01-21 05:30;113;;30;143
2018-01-21 05:40;110;;30;140
2018-01-21 05:50;108;;25;133
2018-01-21 06:00;104;;25;129
2018-01-21 06:10;101;;25;126
2018-01-21 06:20;98;;21;119
2018-01-21 06:30;95;;19;114
2018-01-21 06:40;92;;18;110
2018-01-21 06:50;88;;15;103
2018-01-21 07:00;83;;13;96
2018-01-21 07:10;77;;11;88
2018-01-21 07:20;71;;9;80
2018-01-21 07:30;63;;10;73
2018-01-21 07:40;55;;10;65
2018-01-21 07:50;46;;9;55
2018-01-21 08:00;36;;9;45
2018-01-21 08:10;27;;8;35
2018-01-21 08:20;17;;7;24
2018-01-21 08:30;7;;6;13
2018-01-21 08:40;-2;;4;2
2018-01-21 08:50;-12;;3;-9
2018-01-21 09:00;-21;;0;-21
2018-01-21 09:10;-31;;0;-31
2018-01-21 09:20;-40;;-1;-41
2018-01-21 09:30;-48;;-3;-51
2018-01-21 09:40;-56;;-3;-59
2018-01-21 09:50;-62;;-4;-66
2018-01-21 10:00;-67;;-5;-72
2018-01-21 10:10;-71;;-5;-76
2018-01-21 10:20;-73;;-5;-78
2018-01-21 10:30;-73;;-5;-78
2018-01-21 10:40;-73;;-4;-77
2018-01-21 10:50;-72;;-3;-75
2018-01-21 11:00;-70;;-2;-72
2018-01-21 11:10;-68;;-2;-70
2018-01-21 11:20;-66;;-2;-68
2018-01-21 11:30;-65;;-1;-66
2018-01-21 11:40;-64;;-1;-65
2018-01-21 11:50;-64;;0;-64
2018-01-21 12:00;-65;;0;-65
2018-01-21 12:10;-66;;0;-66
2018-01-21 12:20;-67;;0;-67
2018-01-21 12:30;-69;;1;-68
2018-01-21 12:40;-70;;2;-68
2018-01-21 12:50;-71;;1;-70
2018-01-21 13:00;-72;;1;-71
2018-01-21 13:10;-72;;0;-72
2018-01-21 13:20;-72;;0;-72
2018-01-21 13:30;-71;;-1;-72
2018-01-21 13:40;-69;;-3;-72
2018-01-21 13:50;-67;;-5;-72
2018-01-21 14:00;-64;;-9;-73
2018-01-21 14:10;-60;;-11;-71
2018-01-21 14:20;-55;;-13;-68
2018-01-21 14:30;-50;;-15;-65
2018-01-21 14:40;-44;;-19;-63
2018-01-21 14:50;-38;;-20;-58
2018-01-21 15:00;-31;;-22;-53
2018-01-21 15:10;-23;;-23;-46
2018-01-21 15:20;-15;;-23;-38
2018-01-21 15:30;-4;;-24;-28
2018-01-21 15:40;7;;-23;-16
2018-01-21 15:50;20;;-21;-1
2018-01-21 16:00;34;;-16;18
2018-01-21 16:10;49;;-10;39
2018-01-21 16:20;64;;-3;61
2018-01-21 16:30;79;;-1;78
2018-01-21 16:40;93;;-2;91
2018-01-21 16:50;105;;-5;100
2018-01-21 17:00;115;;-8;107
2018-01-21 17:10;122;;-9;113
2018-01-21 17:20;126;;-11;115
2018-01-21 17:30;128;;-15;113
2018-01-21 17:40;128;;-17;111
2018-01-21 17:50;126;;-17;109
2018-01-21 18:00;123;;-19;104
2018-01-21 18:10;120;;-21;99
2018-01-21 18:20;116;;-20;96
2018-01-21 18:30;112;;-16;96
2018-01-21 18:40;109;;-17;92
2018-01-21 18:50;106;;-20;86
2018-01-21 19:00;102;;-19;83
2018-01-21 19:10;98;;-19;79
2018-01-21 19:20;93;;-20;73
2018-01-21 19:30;88;;-21;67
2018-01-21 19:40;81;;-21;60
2018-01-21 19:50;74;;-22;52
2018-01-21 20:00;66;;-22;44
2018-01-21 20:10;58;;-21;37
2018-01-21 20:20;50;;-22;28
2018-01-21 20:30;41;;-22;19
2018-01-21 20:40;33;;-23;10
2018-01-21 20:50;26;;-25;1
2018-01-21 21:00;18;;-26;-8
2018-01-21 21:10;11;;-28;-17
2018-01-21 21:20;4;;-30;-26
2018-01-21 21:30;-3;;-33;-36
2018-01-21 21:40;-9;;-35;-44
2018-01-21 21:50;-15;;-37;-52
2018-01-21 22:00;-21;;-37;-58
2018-01-21 22:10;-25;;-40;-65
2018-01-21 22:20;-28;;-42;-70
2018-01-21 22:30;-31;;-41;-72
2018-01-21 22:40;-32;;-41;-73
2018-01-21 22:50;-32;;-41;-73
2018-01-21 23:00;-32;;-41;-73
2018-01-21 23:10;-31;;-41;-72
2018-01-21 23:20;-31;;-40;-71
2018-01-21 23:30;-30;;-40;-70
2018-01-21 23:40;-31;;-39;-70
2018-01-21 23:50;-31;;-40;-71
2018-01-22 00:00;-33;;-41;-74
2018-01-22 00:10;-35;;-43;-78
2018-01-22 00:20;-37;;-43;-80
2018-01-22 00:30;-39;;-43;-82
2018-01-22 00:40;-41;;-44;-85
2018-01-22 00:50;-43;;-44;-87
2018-01-22 01:00;-45;;-44;-89
2018-01-22 01:10;-46;;-42;-88
2018-01-22 01:20;-47;;-43;-90
2018-01-22 01:30;-47;;-45;-92
2018-01-22 01:40;-46;;-46;-92
2018-01-22 01:50;-44;;-48;-92
2018-01-22 02:00;-42;;-50;-92
2018-01-22 02:10;-40;;-51;-91
2018-01-22 02:20;-36;;-54;-90
2018-01-22 02:30;-32;;-58;-90
2018-01-22 02:40;-28;;-60;-88
2018-01-22 02:50;-24;;-60;-84
2018-01-22 03:00;-19;;-60;-79
2018-01-22 03:10;-14;;-60;-74
2018-01-22 03:20;-9;;-59;-68
2018-01-22 03:30;-3;;-57;-60
2018-01-22 03:40;3;;-54;-51
2018-01-22 03:50;10;;-48;-38
2018-01-22 04:00;19;;-43;-24
2018-01-22 04:10;28;;-34;-6
2018-01-22 04:20;39;;-26;13
2018-01-22 04:30;50;;-20;30
2018-01-22 04:40;62;;-18;44
2018-01-22 04:50;73;;-18;55
2018-01-22 05:00;84;;-21;63
2018-01-22 05:10;93;;-23;70
2018-01-22 05:20;101;;-26;75
2018-01-22 05:30;107;;-29;78
2018-01-22 05:40;110;;-30;80
2018-01-22 05:50;111;;-31;80
2018-01-22 06:00;110;;-31;79
2018-01-22 06:10;108;;-31;77
2018-01-22 06:20;105;;-32;73
2018-01-22 06:30;102;;-32;70
2018-01-22 06:40;98;;-31;67
2018-01-22 06:50;94;;-30;64
2018-01-22 07:00;91;;-29;62
2018-01-22 07:10;87;;-30;57
2018-01-22 07:20;84;;-34;50
2018-01-22 07:30;80;;-35;45
2018-01-22 07:40;75;;-35;40
2018-01-22 07:50;69;;-36;33
2018-01-22 08:00;63;;-36;27
2018-01-22 08:10;56;;-37;19
2018-01-22 08:20;48;;-37;11
2018-01-22 08:30;39;;-36;3
2018-01-22 08:40;30;;-34;-4
2018-01-22 08:50;20;;-32;-12
2018-01-22 09:00;11;;-30;-19
2018-01-22 09:10;1;;-28;-27
2018-01-22 09:20;-9;;-25;-34
2018-01-22 09:30;-18;;-24;-42
2018-01-22 09:40;-28;;-22;-50
2018-01-22 09:50;-37;;-19;-56
2018-01-22 10:00;-46;;-16;-62
2018-01-22 10:10;-54;;-14;-68
2018-01-22 10:20;-61;;-12;-73
2018-01-22 10:30;-67;;-9;-76
2018-01-22 10:40;-72;;-4;-76
2018-01-22 10:50;-75;;1;-74
2018-01-22 11:00;-76;;4;-72
2018-01-22 11:10;-77;;7;-70
2018-01-22 11:20;-76;;9;-67
2018-01-22 11:30;-74;;10;-64
2018-01-22 11:40;-73;;13;-60
2018-01-22 11:50;-70;;12;-58
2018-01-22 12:00;-69;;9;-60
2018-01-22 12:10;-67;;5;-62
2018-01-22 12:20;-66;;3;-63
2018-01-22 12:30;-66;;3;-63
2018-01-22 12:40;-66;;2;-64
2018-01-22 12:50;-66;;1;-65
2018-01-22 13:00;-67;;0;-67
2018-01-22 13:10;-68;;0;-68
2018-01-22 13:20;-69;;1;-68
2018-01-22 13:30;-70;;3;-67
2018-01-22 13:40;-70;;3;-67
2018-01-22 13:50;-71;;3;-68
2018-01-22 14:00;-70;;4;-66
2018-01-22 14:10;-70;;7;-63
2018-01-22 14:20;-68;;11;-57
2018-01-22 14:30;-66;;14;-52
2018-01-22 14:40;-62;;14;-48
2018-01-22 14:50;-59;;17;-42
2018-01-22 15:00;-54;;21;-33
2018-01-22 15:10;-49;;26;-23
2018-01-22 15:20;-43;;30;-13
2018-01-22 15:30;-37;;37;0
2018-01-22 15:40;-30;;46;16
2018-01-22 15:50;-21;;55;34
2018-01-22 16:00;-12;;65;53
2018-01-22 16:10;-1;;74;73
2018-01-22 16:20;11;;83;94
2018-01-22 16:30;24;;88;112
2018-01-22 16:40;38;;88;126
2018-01-22 16:50;53;;85;138
2018-01-22 17:00;68;;80;148
2018-01-22 17:10;83;;72;155
2018-01-22 17:20;96;;64;160
2018-01-22 17:30;107;;55;162
2018-01-22 17:40;116;;45;161
2018-01-22 17:50;123;;37;160
2018-01-22 18:00;126;;34;160
2018-01-22 18:10;127;;31;158
2018-01-22 18:20;126;;26;152
2018-01-22 18:30;124;;24;148
2018-01-22 18:40;120;;27;147
2018-01-22 18:50;116;;28;144
2018-01-22 19:00;112;;28;140
2018-01-22 19:10;108;;28;136
2018-01-22 19:20;104;;28;132
2018-01-22 19:30;100;;27;127
2018-01-22 19:40;96;;26;122
2018-01-22 19:50;92;;26;118
2018-01-22 20:00;87;;27;114
2018-01-22 20:10;82;;26;108
2018-01-22 20:20;76;;25;101
2018-01-22 20:30;69;;25;94
2018-01-22 20:40;62;;27;89
2018-01-22 20:50;54;;29;83
2018-01-22 21:00;46;;30;76
2018-01-22 21:10;39;;29;68
2018-01-22 21:20;31;;30;61
2018-01-22 21:30;23;;29;52
2018-01-22 21:40;15;;29;44
2018-01-22 21:50;7;;28;35
2018-01-22 22:00;0;;28;28
2018-01-22 22:10;-7;;28;21
2018-01-22 22:20;-14;;29;15
2018-01-22 22:30;-20;;29;9
2018-01-22 22:40;-25;;30;5
2018-01-22 22:50;-29;;31;2
2018-01-22 23:00;-32;;31;-1
2018-01-22 23:10;-34;;31;-3
2018-01-22 23:20;-34;;28;-6
2018-01-22 23:30;-34;;26;-8
2018-01-22 23:40;-34;;25;-9
2018-01-22 23:50;-33;;22;-11
2018-01-23 00:00;-33;;20;-13
2018-01-23 00:10;-32;;15;-17
2018-01-23 00:20;-32;;12;-20
2018-01-23 00:30;-33;;11;-22
2018-01-23 00:40;-34;;11;-23
2018-01-23 00:50;-35;;10;-25
2018-01-23 01:00;-37;;9;-28
2018-01-23 01:10;-39;;10;-29
2018-01-23 01:20;-41;;11;-30
2018-01-23 01:30;-42;;12;-30
2018-01-23 01:40;-43;;13;-30
2018-01-23 01:50;-44;;14;-30
2018-01-23 02:00;-45;;14;-31
2018-01-23 02:10;-45;;15;-30
2018-01-23 02:20;-44;;15;-29
2018-01-23 02:30;-43;;16;-27
2018-01-23 02:40;-41;;15;-26
2018-01-23 02:50;-38;;13;-25
2018-01-23 03:00;-35;;11;-24
2018-01-23 03:10;-31;;8;-23
2018-01-23 03:20;-27;;6;-21
2018-01-23 03:30;-22;;5;-17
2018-01-23 03:40;-17;;3;-14
2018-01-23 03:50;-12;;1;-11
2018-01-23 04:00;-6;;0;-6
2018-01-23 04:10;0;;-1;-1
2018-01-23 04:20;6;;-2;4
2018-01-23 04:30;14;;-3;11
2018-01-23 04:40;22;;-3;19
2018-01-23 04:50;32;;-3;29
2018-01-23 05:00;42;;0;42
2018-01-23 05:10;53;;3;56
2018-01-23 05:20;64;;6;70
2018-01-23 05:30;75;;6;81
2018-01-23 05:40;85;;4;89
2018-01-23 05:50;94;;3;97
2018-01-23 06:00;101;;2;103
2018-01-23 06:10;106;;1;107
2018-01-23 06:20;109;;1;110
2018-01-23 06:30;110;;1;111
2018-01-23 06:40;109;;2;111
2018-01-23 06:50;106;;2;108
2018-01-23 07:00;103;;1;104
2018-01-23 07:10;99;;2;101
2018-01-23 07:20;95;;6;101
2018-01-23 07:30;91;;5;96
2018-01-23 07:40;87;;2;89
2018-01-23 07:50;83;;2;85
2018-01-23 08:00;78;;3;81
2018-01-23 08:10;74;;0;74
2018-01-23 08:20;69;;-3;66
2018-01-23 08:30;63;;-5;58
2018-01-23 08:40;57;;-7;50
2018-01-23 08:50;49;;-6;43
2018-01-23 09:00;42;;-9;33
2018-01-23 09:10;34;;-10;24
2018-01-23 09:20;25;;-11;14
2018-01-23 09:30;16;;-11;5
2018-01-23 09:40;7;;-12;-5
2018-01-23 09:50;-3;;-12;-15
2018-01-23 10:00;-12;;-13;-25
2018-01-23 10:10;-22;;-13;-35
2018-01-23 10:20;-32;;-13;-45
2018-01-23 10:30;-41;;-12;-53
2018-01-23 10:40;-50;;-10;-60
2018-01-23 10:50;-58;;-10;-68
2018-01-23 11:00;-65;;-10;-75
2018-01-23 11:10;-71;;-10;-81
2018-01-23 11:20;-75;;-10;-85
2018-01-23 11:30;-78;;-10;-88
2018-01-23 11:40;-80;;-11;-91
2018-01-23 11:50;-80;;-13;-93
2018-01-23 12:00;-80;;-12;-92
2018-01-23 12:10;-79;;-12;-91
2018-01-23 12:20;-77;;-12;-89
2018-01-23 12:30;-75;;-12;-87
2018-01-23 12:40;-73;;-9;-82
2018-01-23 12:50;-71;;-10;-81
2018-01-23 13:00;-70;;-11;-81
2018-01-23 13:10;-69;;-12;-81
2018-01-23 13:20;-68;;-14;-82
2018-01-23 13:30;-67;;-16;-83
2018-01-23 13:40;-67;;-17;-84
2018-01-23 13:50;-66;;-19;-85
2018-01-23 14:00;-66;;-21;-87
2018-01-23 14:10;-66;;-23;-89
2018-01-23 14:20;-67;;-25;-92
2018-01-23 14:30;-67;;-26;-93
2018-01-23 14:40;-66;;-26;-92
2018-01-23 14:50;-65;;-26;-91
2018-01-23 15:00;-64;;-26;-90
2018-01-23 15:10;-62;;-28;-90
2018-01-23 15:20;-60;;-28;-88
2018-01-23 15:30;-56;;-28;-84
2018-01-23 15:40;-52;;-26;-78
2018-01-23 15:50;-48;;-24;-72
2018-01-23 16:00;-42;;-23;-65
2018-01-23 16:10;-36;;-21;-57
2018-01-23 16:20;-30;;-17;-47
2018-01-23 16:30;-22;;-13;-35
2018-01-23 16:40;-13;;-7;-20
2018-01-23 16:50;-3;;1;-2
2018-01-23 17:00;9;;8;17
2018-01-23 17:10;22;;16;38
2018-01-23 17:20;36;;21;57
2018-01-23 17:30;51;;24;75
2018-01-23 17:40;66;;22;88
2018-01-23 17:50;80;;18;98
2018-01-23 18:00;93;;13;106
2018-01-23 18:10;104;;9;113
2018-01-23 18:20;113;;4;117
2018-01-23 18:30;120;;-3;117
2018-01-23 18:40;124;;-8;116
2018-01-23 18:50;125;;-11;114
2018-01-23 19:00;125;;-15;110
2018-01-23 19:10;123;;-16;107
2018-01-23 19:20;120;;-12;108
2018-01-23 19:30;116;;-9;107
2018-01-23 19:40;112;;-9;103
2018-01-23 19:50;107;;-7;100
2018-01-23 20:00;103;;-4;99
2018-01-23 20:10;99;;-3;96
2018-01-23 20:20;94;;-1;93
2018-01-23 20:30;90;;-2;88
2018-01-23 20:40;84;;-1;83
2018-01-23 20:50;79;;0;79
2018-01-23 21:00;73;;2;75
2018-01-23 21:10;66;;4;70
2018-01-23 21:20;60;;4;64
2018-01-23 21:30;53;;3;56
2018-01-23 21:40;45;;4;49
2018-01-23 21:50;38;;5;43
2018-01-23 22:00;31;;7;38
2018-01-23 22:10;23;;8;31
2018-01-23 22:20;15;;8;23
2018-01-23 22:30;7;;9;16
2018-01-23 22:40;-1;;11;10
2018-01-23 22:50;-8;;12;4
2018-01-23 23:00;-15;;12;-3
2018-01-23 23:10;-21;;13;-8
2018-01-23 23:20;-27;;16;-11
2018-01-23 23:30;-31;;17;-14
2018-01-23 23:40;-34;;17;-17
2018-01-23 23:50;-36;;17;-19
2018-01-24 00:00;-37;;18;-19
2018-01-24 00:10;-38;;19;-19
2018-01-24 00:20;-37;;17;-20
2018-01-24 00:30;-37;;16;-21
2018-01-24 00:40;-37;;14;-23
2018-01-24 00:50;-36;;10;-26
2018-01-24 01:00;-36;;6;-30
2018-01-24 01:10;-37;;4;-33
2018-01-24 01:20;-37;;2;-35
2018-01-24 01:30;-38;;1;-37
2018-01-24 01:40;-39;;0;-39
2018-01-24 01:50;-40;;-1;-41
2018-01-24 02:00;-40;;-2;-42
2018-01-24 02:10;-41;;0;-41
2018-01-24 02:20;-41;;0;-41
2018-01-24 02:30;-42;;0;-42
2018-01-24 02:40;-42;;0;-42
2018-01-24 02:50;-41;;0;-41
2018-01-24 03:00;-41;;1;-40
2018-01-24 03:10;-40;;3;-37
2018-01-24 03:20;-38;;3;-35
2018-01-24 03:30;-36;;4;-32
2018-01-24 03:40;-33;;4;-29
2018-01-24 03:50;-29;;3;-26
2018-01-24 04:00;-25;;3;-22
2018-01-24 04:10;-21;;3;-18
2018-01-24 04:20;-17;;3;-14
2018-01-24 04:30;-12;;4;-8
2018-01-24 04:40;-6;;4;-2
2018-01-24 04:50;-1;;5;4
2018-01-24 05:00;6;;6;12
2018-01-24 05:10;13;;8;21
2018-01-24 05:20;21;;11;32
2018-01-24 05:30;30;;13;43
2018-01-24 05:40;39;;17;56
2018-01-24 05:50;50;;19;69
2018-01-24 06:00;60;;20;80
2018-01-24 06:10;71;;17;88
2018-01-24 06:20;80;;15;95
2018-01-24 06:30;89;;13;102
2018-01-24 06:40;96;;10;106
2018-01-24 06:50;102;;6;108
2018-01-24 07:00;105;;5;110
2018-01-24 07:10;107;;4;111
2018-01-24 07:20;107;;3;110
2018-01-24 07:30;106;;1;107
2018-01-24 07:40;103;;2;105
2018-01-24 07:50;100;;5;105
2018-01-24 08:00;96;;6;102
2018-01-24 08:10;92;;4;96
2018-01-24 08:20;88;;5;93
2018-01-24 08:30;83;;6;89
2018-01-24 08:40;78;;6;84
2018-01-24 08:50;73;;5;78
2018-01-24 09:00;68;;3;71
2018-01-24 09:10;61;;3;64
2018-01-24 09:20;55;;2;57
2018-01-24 09:30;48;;2;50
2018-01-24 09:40;41;;1;42
2018-01-24 09:50;33;;0;33
2018-01-24 10:00;25;;0;25
2018-01-24 10:10;17;;-1;16
2018-01-24 10:20;8;;-1;7
2018-01-24 10:30;-1;;-1;-2
2018-01-24 10:40;-10;;0;-10
2018-01-24 10:50;-20;;1;-19
2018-01-24 11:00;-29;;2;-27
2018-01-24 11:10;-39;;5;-34
2018-01-24 11:20;-48;;7;-41
2018-01-24 11:30;-56;;8;-48
2018-01-24 11:40;-63;;9;-54
2018-01-24 11:50;-69;;10;-59
2018-01-24 12:00;-74;;12;-62
2018-01-24 12:10;-78;;13;-65
2018-01-24 12:20;-80;;14;-66
2018-01-24 12:30;-82;;15;-67
2018-01-24 12:40;-82;;15;-67
2018-01-24 12:50;-82;;15;-67
2018-01-24 13:00;-81;;15;-66
2018-01-24 13:10;-79;;15;-64
2018-01-24 13:20;-78;;13;-65
2018-01-24 13:30;-76;;10;-66
2018-01-24 13:40;-75;;8;-67
2018-01-24 13:50;-73;;5;-68
2018-01-24 14:00;-71;;1;-70
2018-01-24 14:10;-69;;-3;-72
2018-01-24 14:20;-68;;-7;-75
2018-01-24 14:30;-66;;-10;-76
2018-01-24 14:40;-65;;-13;-78
2018-01-24 14:50;-64;;-16;-80
2018-01-24 15:00;-63;;-18;-81
2018-01-24 15:10;-62;;-20;-82
2018-01-24 15:20;-61;;-21;-82
2018-01-24 15:30;-60;;-21;-81
2018-01-24 15:40;-59;;-22;-81
2018-01-24 15:50;-58;;-22;-80
2018-01-24 16:00;-56;;-21;-77
2018-01-24 16:10;-53;;-20;-73
2018-01-24 16:20;-50;;-18;-68
2018-01-24 16:30;-47;;-16;-63
2018-01-24 16:40;-43;;-12;-55
2018-01-24 16:50;-38;;-8;-46
2018-01-24 17:00;-32;;-4;-36
2018-01-24 17:10;-26;;3;-23
2018-01-24 17:20;-18;;10;-8
2018-01-24 17:30;-9;;18;9
2018-01-24 17:40;1;;26;27
2018-01-24 17:50;13;;30;43
2018-01-24 18:00;26;;30;56
2018-01-24 18:10;39;;27;66
2018-01-24 18:20;53;;21;74
2018-01-24 18:30;67;;13;80
2018-01-24 18:40;80;;4;84
2018-01-24 18:50;91;;-5;86
2018-01-24 19:00;101;;-15;86
2018-01-24 19:10;109;;-25;84
2018-01-24 19:20;115;;-33;82
2018-01-24 19:30;118;;-38;80
2018-01-24 19:40;120;;-45;75
2018-01-24 19:50;120;;-47;73
2018-01-24 20:00;119;;-47;72
2018-01-24 20:10;117;;-48;69
2018-01-24 20:20;114;;-50;64
2018-01-24 20:30;111;;-49;62
2018-01-24 20:40;107;;-47;60
2018-01-24 20:50;102;;-46;56
2018-01-24 21:00;98;;-47;51
2018-01-24 21:10;92;;-46;46
2018-01-24 21:20;87;;-46;41
2018-01-24 21:30;81;;-46;35
2018-01-24 21:40;75;;-46;29
2018-01-24 21:50;68;;-45;23
2018-01-24 22:00;62;;-45;17
2018-01-24 22:10;55;;-45;10
2018-01-24 22:20;49;;-46;3
2018-01-24 22:30;42;;-45;-3
2018-01-24 22:40;35;;-44;-9
2018-01-24 22:50;28;;-43;-15
2018-01-24 23:00;20;;-40;-20
2018-01-24 23:10;13;;-39;-26
2018-01-24 23:20;5;;-36;-31
2018-01-24 23:30;-3;;-33;-36
2018-01-24 23:40;-10;;-30;-40
2018-01-24 23:50;-17;;-26;-43
2018-01-25 00:00;-23;;-24;-47
